,x,y,theta,Ptype
0,63,-134,0.47599888690754444,C2S2M2
1,-148,50,-0.5711986642890532,C2S2M2
2,54,-102,0.28559933214452654,C2S2M2
3,98,1,-0.2855993321445266,C2S2M2
4,-83,147,-0.9519977738150888,C2S2M2
5,-134,-30,-0.19039955476301773,C2S2M2
6,-32,-155,1.0471975511965976,C2S2M2
7,-57,-48,0.4759988869075442,C2S2M2
8,79,-41,-0.38079910952603546,C2S2M2
9,-173,-48,-1.2375971059596156,C2S2M2
10,26,141,-0.6663984416705622,C2S2M2
11,33,-28,-0.19039955476301768,C2S2M2
12,-29,-80,1.8087957702486694,C2S2M2
13,-160,77,1.1423973285781066,C2S2M2
14,-67,29,1.3327968833411246,C2S2M2
15,62,164,-0.3807991095260356,C2S2M2
16,42,67,0.6663984416705622,C2S2M2
17,122,-137,0.2855993321445267,C2S2M2
18,83,-112,0.5711986642890533,C2S2M2
19,-116,133,-2.7755575615628914e-17,C2S2M2
20,-16,3,-1.3877787807814457e-16,C2S2M2
21,98,136,-0.19039955476301784,C2S2M2
22,-51,-6,0.6663984416705622,C2S2M2
23,151,-35,-0.1903995547630178,C2S2M2
24,82,39,-2.7755575615628914e-17,C2S2M2
25,175,-14,0.6663984416705621,C2S2M2
26,-101,52,-1.1423973285781064,C2S2M2
27,-131,-88,-0.9519977738150888,C2S2M2
28,110,-33,0.7615982190520711,C2S2M2
29,1,97,0.09519977738150885,C2S2M2
30,43,-62,-3.7127913178788488,C2S2M2
31,-43,154,0.2855993321445267,C2S2M2
32,-143,29,-3.427191985734322,C2S2M2
33,69,69,0.3807991095260356,C2S2M2
34,-5,-83,1.9039955476301782,C2S2M2
35,-35,110,-2.855993321445268,C2S2M2
36,39,-7,0.09519977738150902,C2S2M2
37,-33,52,-0.6663984416705622,C2S2M2
38,146,90,0.9519977738150888,C2S2M2
39,65,94,-4.37918975954941,C2S2M2
40,37,-172,-0.47599888690754444,C2S2M2
41,39,-130,0.5711986642890532,C2S2M2
42,140,40,-0.2855993321445266,C2S2M2
43,-53,-106,-3.141592653589795,C2S2M2
44,-112,-77,2.379994434537723,C2S2M2
45,128,-59,-6.663984416705614,C2S2M2
46,-67,-82,0.09519977738150902,C2S2M2
47,71,143,-0.38079910952603546,C2S2M2
48,-40,27,0.09519977738150896,C2S2
49,-109,91,0.1903995547630178,C2S2
50,-57,-155,2.475194211919232,C2S2
51,-104,-38,4.569589314312427,C2S2
52,28,102,-0.19039955476301784,C2S2
53,-2,70,-5.902386197653547,C2S2
54,96,-66,1.1423973285781064,C2S2
55,-110,-105,1.9991953250116872,C2S2
56,116,-91,-2.094395102393196,C2S2
57,45,113,0.3807991095260355,C2S2
58,128,-112,1.2375971059596156,C2S2
59,-23,-26,1.8087957702486694,C2S2
60,94,20,0.0951997773815088,C2S2
61,18,76,-0.5711986642890533,C2S2
62,-168,-14,-2.498001805406602e-16,C2S2
63,-144,93,0.09519977738150896,C2S2
64,-11,-60,0.8567979964335797,C2S2
65,72,-59,0.6663984416705622,C2S2
66,-101,-142,-2.570393989300741,C2S2
67,44,152,-3.427191985734322,C2S2
68,107,38,-1.5231964381041423,C2S2
69,-147,111,0.19039955476301784,C2S2
70,-125,107,1.8087957702486694,C2S2
71,-93,-102,-0.666398441670562,C2S2
72,93,-134,0.09519977738150874,C2S2
73,4,-8,1.9039955476301782,C2S2
74,64,-18,0.5711986642890533,C2S2
75,-129,77,-1.8087957702486692,C2S2
76,46,40,-0.5711986642890535,C2S2
77,-92,128,-0.6663984416705618,C2S2
78,-32,-129,0.6663984416705622,C2S2
79,95,80,0.19039955476301806,C2S2
80,-4,-174,-1.1423973285781066,C2S2
81,-69,-128,0.9519977738150888,C2S2
82,80,-83,2.475194211919232,C2S2
83,31,-111,-1.4279966607226333,C2S2
84,-76,-4,-0.2855993321445267,C2S2
85,-123,-126,-0.09519977738150869,C2S2
86,120,96,-0.6663984416705622,C2S2
87,39,17,-2.951193098826777,C2S2
88,146,-16,-1.9991953250116867,C2S2
89,13,166,-9.424777960769374,C2S2
90,67,-1,0.7615982190520708,C2S2
91,-15,-158,1.6183962154856515,C2S2
92,156,-57,-0.3807991095260354,C2S2
93,-166,11,-0.5711986642890533,C2S2
94,-154,-75,4.569589314312427,C2S2
95,-128,13,1.2375971059596154,C2S2
96,129,-26,4.569589314312427,B6F
97,25,184,6.663984416705615,B6F
98,-18,32,1.0471975511965974,B6F
99,-101,-119,0.9519977738150885,B6F
100,-151,-104,-5.235987755982987,B6F
101,15,-87,4.569589314312427,B6F
102,-88,109,-1.2375971059596154,B6F
103,-62,159,-5.1407879786014785,B6F
104,-49,-62,7.71118196790221,B6F
105,116,-9,-3.046392876208286,B6F
106,-152,-53,-1.6183962154856517,B6F
107,19,-7,-4.855188646456953,B6F
108,-120,-4,1.2375971059596154,B6F
109,59,-74,-7.520782413139193,B6F
110,40,-91,2.9511930988267774,B6F
111,78,55,-5.807186420272037,B6F
112,132,127,2.951193098826777,B6F
113,166,53,1.9039955476301782,B6F
114,-88,-11,-5.045588201219971,B6F
115,98,-120,-8.326672684688674e-17,B6F
116,61,23,-3.236792430971304,B6F
117,57,-118,4.9503884238384614,B6F
118,-180,37,-4.759988869075444,B6F
119,93,120,0.7615982190520708,B6F
120,26,88,-4.664789091693936,B6F
121,82,-26,-2.570393989300741,B6F
122,74,12,2.66559376668225,B6F
123,58,46,-3.522391763115831,B6F
124,-49,167,-3.046392876208286,B6F
125,-20,-140,0.8567979964335801,B6F
126,-9,-41,-2.951193098826777,B6F
127,23,41,-19.420754585827865,B6F
128,-144,0,0.666398441670562,LHCII
129,79,-177,-8.567979964335791,LHCII
130,-132,-54,-6.092785752416564,LHCII
131,169,45,-5.5215870881275135,LHCII
132,-86,-85,-2.951193098826776,LHCII
133,84,104,0.2855993321445264,LHCII
134,143,71,-8.091981077428244,LHCII
135,-73,86,8.6631797417173,LHCII
136,39,30,-9.805577070295413,LHCII
137,-12,53,5.997585975035055,LHCII
138,2,-67,-0.19039955476301762,LHCII
139,20,194,-3.6175915404973398,LHCII
140,5,-29,-3.1415926535897953,LHCII
141,8,-134,-1.9039955476301782,LHCII
142,70,-146,-5.3311875333644965,LHCII
143,2,-118,1.9039955476301782,LHCII
144,-48,-74,-3.236792430971304,LHCII
145,-88,-56,-4.283989982167902,LHCII
146,-41,172,0.2855993321445265,LHCII
147,-136,-129,-1.7135959928671607,LHCII
148,136,16,0.7615982190520713,LHCII
149,-16,107,3.522391763115831,LHCII
150,-177,-31,7.520782413139193,LHCII
151,69,124,-5.616786865509021,LHCII
152,118,6,5.71198664289053,LHCII
153,162,69,-3.9031908726418667,LHCII
154,162,-8,-1.9039955476301782,LHCII
155,-9,114,-2.8559933214452684,LHCII
156,-31,37,-7.806381745283718,LHCII
157,-92,23,3.046392876208286,LHCII
158,76,25,1.4279966607226338,LHCII
159,-42,180,-4.093590427404885,LHCII
160,-7,134,-2.570393989300741,LHCII
161,-31,143,-2.3799944345377235,LHCII
162,-6,42,-0.47599888690754466,LHCII
163,121,43,2.284794657156214,LHCII
164,-108,-9,4.9503884238384614,LHCII
165,139,-80,-0.9519977738150877,LHCII
166,-89,-31,-7.139983303613159,LHCII
167,76,100,2.760793544063759,LHCII
168,83,-15,6.473584861942598,LHCII
169,168,62,0.666398441670562,LHCII
170,-13,-134,8.85357929648032,LHCII
171,-52,81,5.235987755982987,LHCII
172,154,76,-4.855188646456953,LHCII
173,84,122,-7.806381745283718,LHCII
174,87,114,-2.4751942119192325,LHCII
175,160,-1,-3.046392876208286,LHCII
176,158,84,-3.331992208352812,LHCII
177,-95,-72,-7.996781300046735,LHCII
178,-96,33,0.951997773815089,LHCII
179,190,-31,0.4759988869075442,LHCII
180,-168,51,-1.7135959928671602,LHCII
181,15,45,-0.951997773815089,LHCII
182,51,-83,-6.092785752416564,LHCII
183,-44,129,2.3799944345377235,LHCII
184,-24,84,2.855993321445268,LHCII
185,-19,118,-2.3799944345377235,LHCII
186,-5,172,-4.569589314312427,LHCII
187,-46,65,3.7127913178788488,LHCII
188,128,66,-1.3327968833411243,LHCII
189,168,78,-1.7135959928671602,LHCII
190,-22,169,2.951193098826777,LHCII
191,118,151,-5.997585975035056,LHCII
192,65,-152,-0.5711986642890534,LHCII
193,39,85,1.9039955476301782,LHCII
194,175,-48,3.141592653589795,LHCII
195,-71,-39,3.9031908726418667,LHCII
196,57,-30,-2.1895948797747073,LHCII
197,96,-24,0.666398441670562,LHCII
198,7,145,8.377580409572772,LHCII
199,-113,-27,0.4759988869075442,LHCII
200,-28,189,0.09519977738150918,LHCII
201,-103,121,-2.951193098826777,LHCII
202,-51,15,-6.283185307179581,LHCII
203,-71,-24,-3.427191985734322,LHCII
204,-33,2,3.427191985734322,LHCII
205,112,12,1.8087957702486692,LHCII
206,5,-188,4.569589314312427,LHCII
207,133,-35,-2.189594879774705,LHCII
208,-132,121,6.378385084561089,LHCII
209,52,23,-4.569589314312427,LHCII
210,-70,165,-3.427191985734322,LHCII
211,-175,3,9.329578183387866,LHCII
212,-111,43,-8.567979964335791,LHCII
213,-69,-141,9.900776847676923,LHCII
214,62,35,-5.04558820121997,LHCII
215,-35,125,2.475194211919232,LHCII
216,-72,115,7.235183080994667,LHCII
217,53,55,-2.760793544063759,LHCII
218,132,81,-0.951997773815089,LHCII
219,-43,-141,8.56797996433579,LHCII
220,56,10,-1.0471975511965974,LHCII
221,13,7,1.4279966607226333,LHCII
222,-69,50,5.71198664289053,LHCII
223,14,-33,-2.570393989300741,LHCII
224,183,15,-0.19039955476301762,LHCII
225,31,-48,-2.475194211919232,LHCII
226,-70,97,-9.043978851243336,LHCII
227,32,6,0.8567979964335797,LHCII
228,132,-45,-4.9503884238384614,LHCII
229,-162,-30,3.9031908726418667,LHCII
230,-79,-38,3.6175915404973398,LHCII
231,25,-79,2.855993321445268,LHCII
232,93,-80,1.1423973285781073,LHCII
233,169,25,0.38079910952603535,LHCII
234,-64,93,-1.5231964381041427,LHCII
235,-192,12,0.19039955476301806,LHCII
236,-129,-1,2.760793544063759,LHCII
237,135,73,-7.330382858376175,LHCII
238,-21,136,0.4759988869075442,LHCII
239,40,-155,7.901581522665226,LHCII
240,-59,76,-1.7135959928671607,LHCII
241,-78,110,6.568784639324107,LHCII
242,173,-34,4.474389536930919,LHCII
243,189,7,3.141592653589795,LHCII
244,-32,-117,-2.855993321445268,LHCII
245,-173,-68,-0.7615982190520708,LHCII
246,163,91,-0.8567979964335797,LHCII
247,-60,61,6.473584861942598,LHCII
248,146,8,1.0471975511965979,LHCII
249,91,-54,-9.900776847676923,LHCII
250,2,83,-1.3327968833411248,LHCII
251,46,101,-3.9983906500233757,LHCII
252,85,96,-1.8087957702486697,LHCII
253,-154,15,-0.19039955476301756,LHCII
254,63,114,-0.09519977738150918,LHCII
255,50,-38,-1.2375971059596158,LHCII
256,-3,141,0.7615982190520713,LHCII
257,-17,98,6.092785752416565,LHCII
258,-129,-108,1.9039955476301782,LHCII
259,97,-15,2.570393989300741,LHCII
260,154,6,1.0471975511965974,LHCII
261,177,-40,6.283185307179582,LHCII
262,-62,-19,3.046392876208286,LHCII
263,-127,39,8.6631797417173,LHCII
264,-30,180,2.66559376668225,LHCII
265,2,114,-1.4279966607226338,LHCII
266,-115,35,-2.8559933214452684,LHCII
267,-152,-38,-1.6183962154856513,LHCII
268,-153,-114,4.759988869075444,LHCII
269,66,-84,-2.66559376668225,LHCII
270,144,62,0.6663984416705624,LHCII
271,7,137,-1.4279966607226333,LHCII
272,149,110,1.6183962154856517,LHCII
273,143,-91,0.09519977738150918,LHCII
274,-55,136,-0.3807991095260357,LHCII
275,22,-159,-4.0935904274048855,LHCII
276,111,-54,11.328773508399564,LHCII
277,-94,-62,-2.855993321445267,LHCII
278,-134,60,-6.949583748850141,LHCII
279,2,-152,0.5711986642890531,LHCII
280,117,-46,1.9991953250116872,LHCII
281,-19,154,-0.47599888690754455,LHCII
282,-22,22,-5.997585975035054,LHCII
283,-47,-150,-0.7615982190520713,LHCII
284,-84,-47,1.5231964381041427,LHCII
285,84,10,1.7135959928671602,LHCII
286,151,69,0.09519977738150857,LHCII
287,-52,58,-0.3807991095260358,LHCII
288,86,57,-7.04478352623165,LHCII
289,121,-17,6.759184194087124,LHCII
290,45,94,-1.9039955476301782,LHCII
291,14,-17,-6.5687846393241065,LHCII
292,63,128,1.7135959928671607,LHCII
293,13,-61,1.3327968833411248,LHCII
294,-93,-81,2.475194211919232,LHCII
295,-104,-128,0.38079910952603535,LHCII
296,-137,-7,2.094395102393196,LHCII
297,152,13,-3.7127913178788488,LHCII
298,155,-72,1.0471975511965974,LHCII
299,131,101,2.379994434537723,LHCII
300,-81,74,1.2375971059596154,LHCII
301,137,-73,-2.284794657156214,LHCII
302,102,-50,5.331187533364496,LHCII
303,-65,131,2.570393989300741,LHCII
304,3,-98,-6.854383971468633,LHCII
305,28,118,-3.8079910952603577,LHCII
306,37,-186,-3.7127913178788488,LHCII
307,15,-185,-5.331187533364496,LHCII
308,-20,-106,2.570393989300741,LHCII
309,28,154,0.47599888690754466,LHCII
310,86,64,7.425582635757683,LHCII
311,19,-177,-8.377580409572772,LHCII
312,127,73,1.2375971059596154,LHCII
313,134,94,-1.4279966607226333,LHCII
314,-130,-47,-5.1407879786014785,LHCII
315,111,-112,1.3327968833411243,LHCII
316,-58,9,2.5703939893007415,LHCII
317,169,1,0.8567979964335797,LHCII
318,-52,-129,0.666398441670562,LHCII
319,11,-172,4.093590427404885,LHCII
320,-191,-3,-2.760793544063759,LHCII
321,58,-85,-3.7127913178788488,LHCII
322,20,-103,-5.426387310746004,LHCII
323,76,128,0.6663984416705624,LHCII
324,140,108,5.3311875333644965,LHCII
325,118,133,-5.04558820121997,LHCII
326,-62,141,-2.284794657156214,LHCII
327,-1,26,-2.5703939893007415,LHCII
328,-5,-109,5.045588201219971,LHCII
329,-162,-42,2.855993321445268,LHCII
330,-132,-69,-3.9031908726418667,LHCII
331,24,-141,-3.9031908726418676,LHCII
332,70,-92,4.093590427404885,LHCII
333,-79,174,1.6183962154856513,LHCII
334,151,-79,2.8559933214452684,LHCII
335,-111,104,-2.66559376668225,LHCII
336,11,127,15.707963267948998,LHCII
337,6,12,-6.473584861942599,LHCII
338,49,-151,-1.0471975511965979,LHCII
339,-165,-94,2.66559376668225,LHCII
340,-84,-66,-1.7135959928671607,LHCII
341,112,22,-1.7135959928671607,LHCII
342,-51,-140,12.566370614359187,LHCII
343,178,56,-2.570393989300741,LHCII
344,-61,103,1.4279966607226338,LHCII
345,31,48,1.9991953250116872,LHCII
346,69,18,1.9039955476301786,LHCII
347,-82,-59,0.19039955476301762,LHCII
348,-110,70,0.5711986642890534,LHCII
349,-94,6,-2.570393989300741,LHCII
350,-105,7,-6.949583748850141,LHCII
351,31,32,-2.951193098826777,LHCII
352,-39,140,-3.8079910952603577,LHCII
353,34,-76,-2.855993321445268,LHCII
354,-44,-167,5.902386197653547,LHCII
355,-33,171,0.666398441670562,LHCII
356,168,-44,1.80879577024867,LHCII
357,149,53,-0.8567979964335797,LHCII
358,-94,14,-9.139178628624848,LHCII
359,-113,79,-10.852774621492017,LHCII
360,26,58,2.570393989300741,LHCII
361,-12,149,5.997585975035056,LHCII
362,-91,69,5.616786865509021,LHCII
363,-66,-31,7.71118196790221,LHCII
364,-109,-19,-3.9031908726418667,LHCII
365,12,-113,3.236792430971304,LHCII
366,-55,69,0.2855993321445268,LHCII
367,-68,108,5.997585975035055,LHCII
368,-83,28,6.187985529798073,LHCII
369,146,-109,-2.951193098826777,LHCII
370,61,-48,1.0471975511965976,LHCII
371,-47,-120,3.6175915404973398,LHCII
372,-141,-108,3.61759154049734,LHCII
373,169,-57,6.663984416705615,LHCII
374,-48,-27,-3.7127913178788488,LHCII
375,-24,125,1.7135959928671602,LHCII
376,13,34,1.2375971059596154,LHCII
377,-15,-119,-0.7615982190520713,LHCII
378,100,50,-1.0471975511965979,LHCII
379,-151,-10,-6.9495837488501415,LHCII
380,-4,58,-2.760793544063759,LHCII
381,-175,28,-7.806381745283718,LHCII
382,-94,-23,0.7615982190520713,LHCII
383,89,-21,-7.330382858376176,LHCII
384,-71,73,2.284794657156214,LHCII
385,52,131,-5.1407879786014785,LHCII
386,47,-46,4.093590427404885,LHCII
387,-85,53,-12.851969946503713,LHCII
388,106,57,3.141592653589795,LHCII
389,-109,15,2.8559933214452684,LHCII
390,-194,4,1.0471975511965979,LHCII
391,125,30,2.760793544063759,LHCII
392,111,-80,-3.522391763115832,LHCII
393,-10,124,-0.4759988869075442,LHCII
394,-21,-50,0.571198664289053,LHCII
395,-152,-31,8.091981077428242,LHCII
396,-23,-174,-3.6175915404973398,LHCII
397,-4,165,-1.2375971059596154,LHCII
398,-184,2,7.235183080994666,LHCII
399,-81,-143,1.6183962154856513,LHCII
400,111,69,3.7127913178788488,LHCII
401,97,-99,-4.188790204786393,LHCII
402,130,19,-4.188790204786393,LHCII
403,-85,-23,6.187985529798073,LHCII
404,102,-86,1.2375971059596145,LHCII
405,-15,81,-6.283185307179581,LHCII
406,-180,-20,-0.666398441670562,LHCII
407,-118,-17,-15.32716415842296,LHCII
408,148,-2,2.951193098826777,LHCII
409,141,125,5.1407879786014785,LHCII
410,92,92,2.189594879774705,LHCII
411,-150,-20,7.615982190520701,LHCII
412,-73,-106,3.0463928762082872,LHCII
413,-25,147,-2.855993321445268,LHCII
414,-44,93,-7.615982190520701,LHCII
415,88,152,2.094395102393196,LHCII
416,79,-150,-4.283989982167902,LHCII
417,-66,121,8.85357929648032,LHCII
418,-75,-70,0.28559933214452643,LHCII
419,8,-160,-7.8063817452837165,LHCII
420,105,102,-0.19039955476301806,LHCII
421,-186,-15,-1.1423973285781064,LHCII
422,120,23,8.567979964335793,LHCII
423,-90,59,4.664789091693937,LHCII
424,-168,30,6.1879855297980715,LHCII
425,7,29,-8.472780186954282,LHCII
426,82,-157,1.8087957702486692,LHCII
427,-62,54,-7.996781300046735,LHCII
428,26,-70,-1.1423973285781068,LHCII
429,-17,90,3.7127913178788488,LHCII
430,-104,27,-0.951997773815089,LHCII
431,169,37,-5.71198664289053,LHCII
432,60,-166,7.806381745283718,LHCII
433,-76,-150,3.61759154049734,LHCII
434,8,-53,1.3327968833411243,LHCII
435,-101,-157,1.8087957702486692,LHCII
436,-13,-9,-3.8079910952603577,LHCII
437,-74,-97,-7.425582635757683,LHCII
438,-153,-90,4.188790204786393,LHCII
439,121,78,-2.189594879774705,LHCII
440,31,80,4.569589314312427,LHCII
441,-147,67,-3.8079910952603577,LHCII
442,72,-156,-3.522391763115831,LHCII
443,-100,111,4.474389536930919,LHCII
444,105,-15,-3.522391763115831,LHCII
445,113,-69,-7.6159821905207,LHCII
446,39,178,5.04558820121997,LHCII
447,31,-40,-8.472780186954282,LHCII
448,-146,7,-4.283989982167902,LHCII
449,-124,52,-7.520782413139193,LHCII
450,-13,-195,-3.331992208352813,LHCII
451,50,-160,-1.8087957702486692,LHCII
452,66,-114,-5.426387310746004,LHCII
453,15,-68,16.469561487001073,LHCII
454,-13,38,0.951997773815089,LHCII
455,119,52,-2.6655937666822505,LHCII
456,14,-194,-0.8567979964335797,LHCII
457,159,-79,3.046392876208286,LHCII
458,158,111,2.951193098826777,LHCII
459,-3,150,5.1407879786014785,LHCII
460,-161,35,-9.519977738150885,LHCII
461,178,80,0.28559933214452676,LHCII
462,18,131,-2.379994434537723,LHCII
463,129,10,-5.045588201219971,LHCII
464,-82,85,-0.666398441670562,LHCII
465,20,20,-1.3327968833411243,LHCII
466,-52,101,-2.189594879774705,LHCII
467,165,-87,11.233573731018055,LHCII
468,-57,-28,3.236792430971304,LHCII
469,-7,31,-0.7615982190520699,LHCII
470,-31,9,2.855993321445268,LHCII
471,-57,-176,6.568784639324107,LHCII
472,33,172,-2.6655937666822505,LHCII
473,165,113,-0.666398441670562,LHCII
474,-72,11,-3.236792430971304,LHCII
475,-55,171,2.570393989300741,LHCII
476,-16,-180,7.330382858376175,LHCII
477,-75,-48,-1.1423973285781068,LHCII
478,-105,76,0.8567979964335801,LHCII
479,111,86,-11.709572617925602,LHCII
480,-1,181,-0.2855993321445265,LHCII
481,56,-153,0.09519977738150819,LHCII
482,3,-48,3.141592653589795,LHCII
483,-14,17,-10.091176402439942,LHCII
484,95,66,0.4759988869075442,LHCII
485,11,52,-1.0471975511965979,LHCII
486,-18,-42,-4.664789091693936,LHCII
487,-77,100,-2.9511930988267774,LHCII
488,-120,69,-11.043174176255036,LHCII
489,95,-161,2.094395102393196,LHCII
490,18,93,-3.141592653589795,LHCII
491,-92,-121,1.1423973285781064,LHCII
492,-27,-98,6.759184194087124,LHCII
493,-25,-186,1.6183962154856513,LHCII
494,-164,-64,2.570393989300741,LHCII
495,130,-15,-0.6663984416705622,LHCII
496,100,149,5.235987755982987,LHCII
497,140,-2,-5.426387310746004,LHCII
498,40,-41,-4.474389536930919,LHCII
499,72,108,1.0471975511965974,LHCII
500,103,111,-5.140787978601479,LHCII
501,-80,37,11.614372840544092,LHCII
502,-34,-204,-3.6175915404973398,LHCII
503,-59,47,-2.570393989300741,LHCII
504,161,17,-0.951997773815089,LHCII
505,23,9,10.186376179821453,LHCII
506,-128,-14,-5.997585975035056,LHCII
507,-93,-161,-3.0531133177191805e-16,LHCII
508,-183,21,-0.3807991095260352,LHCII
509,-3,119,-4.093590427404885,LHCII
510,-90,-152,0.951997773815089,LHCII
511,-183,-5,-1.9039955476301782,LHCII
512,-42,-36,-4.379189759549411,LHCII
513,117,62,6.187985529798072,LHCII
514,-143,-13,-5.807186420272037,LHCII
515,-93,95,-5.616786865509021,LHCII
516,80,-142,-2.9511930988267774,LHCII
517,93,106,-2.284794657156214,LHCII
518,-122,-103,-2.094395102393196,LHCII
519,-93,77,-2.855993321445268,LHCII
520,61,-37,-8.187180854809753,LHCII
521,72,117,-1.0471975511965974,LHCII
522,16,-133,4.283989982167902,LHCII
523,17,-41,-6.94958374885014,LHCII
524,31,165,5.235987755982987,LHCII
525,121,13,-3.8079910952603577,LHCII
526,-13,166,4.474389536930919,LHCII
527,106,-129,-4.759988869075444,LHCII
528,102,-77,5.521587088127513,LHCII
529,177,9,1.1423973285781064,LHCII
530,45,166,-4.283989982167902,LHCII
531,-7,-118,1.8087957702486692,LHCII
532,131,117,-1.5231964381041423,LHCII
533,10,154,-1.1423973285781064,LHCII
534,-16,62,7.330382858376176,LHCII
535,-58,128,-7.044783526231649,LHCII
536,13,-148,3.236792430971304,LHCII
537,31,-156,8.75837951909881,LHCII
538,-35,-7,-5.902386197653548,LHCII
539,-96,-53,-0.6663984416705624,LHCII
540,-32,80,-0.4759988869075442,LHCII
541,122,-102,-3.141592653589795,LHCII
542,201,-21,-1.1423973285781064,LHCII
543,-124,-113,-5.902386197653547,LHCII
544,117,-78,1.3327968833411246,LHCII
545,101,121,3.522391763115831,LHCII
546,133,-8,-4.093590427404885,LHCII
547,-181,-130,1.6183962154856513,LHCII
548,-44,86,-0.9519977738150894,LHCII
549,-33,-15,-0.9519977738150885,LHCII
550,15,-26,-4.474389536930919,LHCII
551,-73,131,2.1895948797747056,LHCII
552,126,-40,4.664789091693936,LHCII
553,103,91,5.04558820121997,LHCII
554,102,-110,5.04558820121997,LHCII
555,2,46,0.4759988869075442,LHCII
556,-91,84,-4.474389536930919,LHCII
557,-11,158,-1.4279966607226333,LHCII
558,-22,161,-1.4279966607226333,LHCII
559,42,-80,-2.951193098826777,LHCII
560,-51,123,-3.9983906500233757,LHCII
561,156,32,2.9511930988267774,LHCII
562,-67,82,2.855993321445268,LHCII
563,86,-164,-7.996781300046735,LHCII
564,-63,-167,-3.331992208352813,LHCII
565,93,-150,-3.046392876208286,LHCII
566,-152,-2,0.666398441670562,LHCII
567,74,-99,-2.76079354406376,LHCII
568,162,9,-0.38079910952603563,LHCII
569,57,179,-2.855993321445268,LHCII
570,46,177,-5.71198664289053,LHCII
571,9,-77,-0.6663984416705623,LHCII
572,-2,-144,-3.331992208352813,LHCII
573,-84,-162,-2.284794657156214,LHCII
574,113,78,-4.188790204786393,LHCII
575,22,1,10.47197551196598,LHCII
576,-42,12,4.474389536930919,LHCII
577,-73,-116,2.855993321445268,LHCII
578,80,157,1.6183962154856517,LHCII
579,57,77,-3.7127913178788488,LHCII
580,-10,-104,7.806381745283718,LHCII
581,-83,-121,6.28318530717958,LHCII
582,165,-73,1.9991953250116876,LHCII
583,129,-96,-0.19039955476301706,LHCII
584,-29,134,1.4279966607226333,LHCII
585,69,51,6.092785752416563,LHCII
586,9,181,-1.5231964381041423,LHCII
587,-58,-65,-1.2375971059596158,LHCII
588,159,-22,8.377580409572772,LHCII
589,22,31,-1.3327968833411243,LHCII
590,-6,82,-2.2847946571562145,LHCII
591,193,-39,2.284794657156215,LHCII
592,9,-41,-2.379994434537723,LHCII
593,79,114,-3.712791317878849,LHCII
594,-21,75,-7.520782413139193,LHCII
595,137,64,-6.473584861942597,LHCII
596,48,-143,-2.2847946571562145,LHCII
597,24,124,-11.043174176255036,LHCII
598,-103,-59,-5.331187533364496,LHCII
599,-97,-4,-9.995976625058432,LHCII
600,13,23,2.189594879774705,LHCII
601,-99,-17,-0.8567979964335797,LHCII
602,-116,51,-8.091981077428244,LHCII
603,-71,157,-0.7615982190520711,LHCII
604,0,130,-2.475194211919232,LHCII
605,-79,-31,0.5711986642890531,LHCII
606,-198,-8,-5.140787978601479,LHCII
607,-185,46,-3.331992208352813,LHCII
608,9,-181,1.9991953250116872,LHCII
609,-133,-139,-2.855993321445268,LHCII
610,-54,-93,2.189594879774706,LHCII
611,3,58,12.28077128221466,LHCII
612,32,-86,-2.189594879774706,LHCII
613,64,-175,1.0471975511965974,LHCII
614,7,-105,-5.807186420272038,LHCII
615,-3,-25,-2.760793544063759,LHCII
616,44,134,1.6183962154856513,LHCII
617,-25,-114,12.09037172745164,LHCII
618,160,43,-0.9519977738150885,LHCII
619,10,-125,-1.9991953250116872,LHCII
620,-24,101,-1.6183962154856513,LHCII
621,-59,84,-1.0471975511965974,LHCII
622,-12,-112,-1.7135959928671602,LHCII
623,4,123,0.666398441670562,LHCII
624,-29,-60,6.759184194087124,LHCII
625,-110,-63,1.3877787807814457e-16,LHCII
626,-38,-47,0.09519977738150857,LHCII
627,19,-110,3.3319922083528133,LHCII
628,-169,-79,-2.4751942119192316,LHCII
629,-39,41,9.043978851243336,LHCII
630,-94,-130,1.8087957702486697,LHCII
631,157,52,2.6655937666822505,LHCII
632,23,49,2.094395102393196,LHCII
633,-29,94,1.3327968833411243,LHCII
634,136,-87,-2.951193098826777,LHCII
635,17,-50,1.5231964381041427,LHCII
636,-139,-43,-1.9991953250116872,LHCII
637,-98,71,6.37838508456109,LHCII
638,144,17,-5.3311875333644965,LHCII
639,182,-27,-8.282380632191263,LHCII
640,-40,-57,-1.7135959928671602,LHCII
641,-143,-117,-9.519977738150885,LHCII
642,21,-150,-2.094395102393196,LHCII
643,141,-99,-3.5223917631158317,LHCII
644,-54,109,4.188790204786392,LHCII
645,-18,180,-8.567979964335791,LHCII
646,1,158,-3.2367924309713034,LHCII
647,-4,19,13.13756927864824,LHCII
648,153,-93,-1.80879577024867,LHCII
649,-56,94,0.6663984416705618,LHCII
650,24,-96,0.7615982190520713,LHCII
651,-195,-15,-3.8079910952603577,LHCII
652,163,33,3.046392876208287,LHCII
653,-114,4,3.046392876208287,LHCII
654,-142,-50,-7.615982190520701,LHCII
655,152,-102,-3.427191985734322,LHCII
656,132,27,0.28559933214452693,LHCII
657,60,121,-2.951193098826778,LHCII
658,145,-84,12.947169723885226,LHCII
659,110,-121,-0.19039955476301806,LHCII
660,145,-67,4.47438953693092,LHCII
661,119,34,1.7135959928671607,LHCII
662,-49,73,19.23035503106485,LHCII
663,-24,65,-7.139983303613159,LHCII
664,145,26,0.9519977738150885,LHCII
665,-64,4,4.283989982167903,LHCII
666,-40,78,-0.9519977738150885,LHCII
667,-101,103,3.9983906500233766,LHCII
668,204,40,0.5711986642890525,LHCII
669,-112,116,-9.615177515532395,LHCII
670,96,-91,3.7127913178788496,LHCII
671,11,-96,0.9519977738150885,LHCII
672,158,102,-10.947974398873527,LHCII
673,-146,78,9.519977738150885,LHCII
674,-109,33,0.38079910952603524,LHCII
675,-47,42,16.37436170961956,LHCII
676,-147,-96,7.901581522665227,LHCII
677,156,145,0.5711986642890531,LHCII
678,-42,-15,6.092785752416565,LHCII
679,-200,-68,-8.091981077428244,LHCII
680,-120,60,0.38079910952603535,LHCII
681,-2,-33,12.280771282214658,LHCII
682,4,20,-4.759988869075444,LHCII
683,96,156,12.375971059596164,LHCII
684,52,90,0.3807991095260357,LHCII
685,111,-153,-3.1415926535897953,LHCII
686,17,-79,6.949583748850141,LHCII
687,-16,129,6.9495837488501415,LHCII
688,-29,-106,4.759988869075444,LHCII
689,-74,-174,-3.3319922083528133,LHCII
690,-123,32,-8.187180854809753,LHCII
691,23,-59,-6.854383971468631,LHCII
692,140,6,8.75837951909881,LHCII
693,175,18,-5.235987755982986,LHCII
694,157,62,5.902386197653548,LHCII
695,-14,140,-0.5711986642890535,LHCII
696,-1,-125,-6.092785752416564,LHCII
697,-66,-95,-0.7615982190520713,LHCII
698,-88,36,-0.9519977738150885,LHCII
699,16,117,7.044783526231648,LHCII
700,-63,171,-2.4751942119192325,LHCII
701,138,54,12.471170836977679,LHCII
702,-70,-158,4.569589314312427,LHCII
703,195,59,1.1423973285781064,LHCII
704,178,43,0.2855993321445265,LHCII
705,-47,138,-0.47599888690754466,LHCII
706,-4,-134,1.9039955476301782,LHCII
707,-122,-44,-1.9991953250116872,LHCII
708,3,38,-1.9039955476301786,LHCII
709,-79,-18,-6.949583748850141,LHCII
710,-73,64,10.47197551196598,LHCII
711,-44,121,-10.757574844110508,LHCII
712,-146,15,0.6663984416705618,LHCII
713,-64,67,3.141592653589795,LHCII
714,-76,50,4.664789091693936,LHCII
715,155,-85,-1.6183962154856522,LHCII
716,-28,-50,14.565565939370885,LHCII
717,-79,125,-3.2367924309713048,LHCII
718,-87,11,2.951193098826777,LHCII
719,-36,-103,-7.235183080994667,LHCII
720,-11,176,-4.664789091693935,LHCII
721,-127,-63,5.521587088127512,LHCII
722,140,-116,4.664789091693936,LHCII
723,-91,-43,3.046392876208286,LHCII
724,124,121,-1.3327968833411221,LHCII
725,130,2,5.3311875333644965,LHCII
726,-83,66,-2.475194211919232,LHCII
727,-142,-60,2.951193098826777,LHCII
728,-43,-81,5.997585975035055,LHCII
729,-62,149,1.0471975511965979,LHCII
730,115,126,1.5231964381041423,LHCII
731,-35,88,-6.568784639324107,LHCII
732,17,-119,-1.1423973285781064,LHCII
733,-101,18,-3.141592653589795,LHCII
734,125,-6,-9.424777960769378,LHCII
735,65,42,-18.944755698920318,LHCII
736,118,160,-8.282380632191263,LHCII
737,-34,70,-0.2855993321445264,LHCII
738,-59,119,-2.9511930988267774,LHCII
739,126,110,-5.616786865509022,LHCII
740,-17,-99,1.1423973285781064,LHCII
741,-197,142,-1.7135959928671602,PSI
742,168,166,2.189594879774705,PSI
743,-211,-75,-5.04558820121997,PSI
744,-154,-127,-0.1903995547630179,PSI
745,105,-175,-2.760793544063759,PSI
746,74,204,0.8567979964335799,PSI
747,16,205,-1.1423973285781066,PSI
748,189,-95,0.47599888690754444,PSI
749,-133,-203,-0.5711986642890531,PSI
750,-184,124,-0.666398441670562,PSI
751,163,-178,-5.235987755982987,PSI
752,135,210,-2.760793544063759,PSI
753,37,-208,1.9039955476301782,PSI
754,237,79,-0.3807991095260353,PSI
755,215,-94,-0.9519977738150888,PSI
756,-124,-146,-1.6183962154856513,PSI
757,164,-98,5.426387310746004,PSI
758,62,192,0.761598219052071,PSI
759,224,-21,-0.4759988869075443,PSI
760,212,47,3.7127913178788488,PSI
761,66,-227,2.475194211919232,PSI
762,-50,-237,-0.7615982190520708,PSI
763,-186,57,-2.094395102393196,PSI
764,-159,-162,6.283185307179581,PSI
765,84,225,3.331992208352813,PSI
766,152,165,0.8567979964335799,PSI
767,48,189,0.3807991095260349,PSI
768,-237,-13,3.141592653589795,PSI
769,90,-174,-1.8087957702486692,PSI
770,-89,192,-0.19039955476301784,PSI
771,-154,187,-0.6663984416705622,PSI
772,52,-233,-2.570393989300741,PSI
773,238,10,2.094395102393196,PSI
774,187,107,-3.141592653589795,PSI
775,171,-166,-2.284794657156214,PSI
776,-247,-22,-0.19039955476301806,PSI
777,41,232,0.4759988869075442,PSI
778,152,-140,0.9519977738150888,PSI
779,-238,-36,0.4759988869075442,PSI
780,182,-80,-1.0471975511965974,PSI
781,224,-41,0.5711986642890533,PSI
782,197,96,8.326672684688674e-17,PSI
783,-76,185,-0.761598219052071,PSI
784,48,204,3.9983906500233757,PSI
785,33,212,0.8567979964335799,PSI
786,-138,190,4.9503884238384614,PSI
787,-66,240,-3.427191985734322,PSI
788,138,160,2.66559376668225,PSI
789,223,15,-1.9039955476301782,PSI
790,-98,219,-1.0471975511965976,PSI
791,-125,167,-1.2375971059596154,PSI
792,84,-191,-2.7755575615628914e-17,PSI
793,69,-241,4.379189759549409,PSI
794,-173,109,-0.571198664289053,PSI
795,-71,-240,-1.1423973285781064,PSI
796,206,-58,1.9991953250116872,PSI
797,-222,-5,-5.426387310746004,PSI
798,155,-166,-0.6663984416705622,PSI
799,-97,-225,-0.4759988869075442,PSI
800,-187,-62,-3.046392876208286,PSI
801,60,242,-2.570393989300741,PSI
802,98,220,-2.9511930988267774,PSI
803,-115,-218,-0.1903995547630179,PSI
804,-224,-104,-3.8079910952603577,PSI
805,171,181,-1.4279966607226333,PSI
806,200,-85,-1.6183962154856513,PSI
807,-218,-90,3.8079910952603577,PSI
808,140,-150,3.9983906500233757,PSI
809,189,85,-1.8087957702486692,PSI
810,133,184,-4.188790204786393,PSI
811,-167,146,0.38079910952603535,PSI
812,159,-126,0.19039955476301768,PSI
813,138,-174,3.8079910952603577,PSI
814,-168,177,-3.141592653589795,PSI
815,-219,80,1.1423973285781064,PSI
816,-116,-169,0.666398441670562,PSI
817,-212,-43,-3.427191985734322,PSI
818,98,-213,-1.6183962154856513,PSI
819,16,-238,-0.8567979964335799,PSI
820,-175,-88,-2.855993321445268,PSI
821,221,-79,1.4279966607226335,PSI
822,-204,114,5.04558820121997,PSI
823,230,49,-1.1423973285781066,PSI
824,81,-214,0.09519977738150874,PSI
825,33,198,-5.235987755982987,PSI
826,-87,230,2.760793544063759,PSI
827,26,-249,1.0471975511965974,PSI
828,103,-226,-0.19039955476301762,PSI
829,87,194,-1.0471975511965974,PSI
830,240,-29,4.474389536930919,PSI
831,-197,-39,1.6183962154856517,PSI
832,-187,165,0.8567979964335797,PSI
833,-116,153,-0.8567979964335799,PSI
834,-125,-186,5.1407879786014785,PSI
835,52,223,0.19039955476301756,PSI
836,187,-48,-2.570393989300741,PSI
837,183,-146,-3.046392876208286,PSI
838,222,73,2.570393989300741,PSI
839,216,-7,0.2855993321445267,PSI
840,19,223,9.043978851243338,PSI
841,98,182,0.8567979964335801,PSI
842,235,-84,0.0951997773815088,PSI
843,172,101,5.1407879786014785,PSI
844,-179,81,4.188790204786393,PSI
845,-228,-54,4.664789091693936,PSI
846,116,179,1.0471975511965976,PSI
847,-186,-114,3.331992208352813,PSI
848,135,143,-0.2855993321445267,PSI
849,-202,27,0.666398441670562,PSI
850,-243,-50,-1.1423973285781066,PSI
851,-137,205,-1.1423973285781066,PSI
852,118,221,0.5711986642890533,PSI
853,192,-120,2.760793544063759,PSI
854,-231,-75,-1.0471975511965979,PSI
855,-153,138,-0.19039955476301762,PSI
856,206,83,-4.664789091693935,PSI
857,-169,131,-4.283989982167902,PSI
858,-50,244,2.189594879774705,PSI
859,160,-192,-1.0471975511965976,PSI
860,-88,-178,1.8087957702486692,PSI
861,-225,106,0.951997773815089,PSI
862,-248,-2,1.3327968833411248,PSI
863,245,-42,1.9039955476301782,PSI
864,-191,107,-3.6175915404973398,PSI
865,-141,128,7.996781300046735,PSI
866,-94,-191,1.3327968833411243,PSI
867,226,-105,-2.570393989300741,PSI
868,180,66,1.9991953250116872,PSI
869,221,-62,-0.19039955476301784,PSI
870,-23,-248,3.141592653589795,PSI
871,-2,-199,-5.997585975035055,PSI
872,-32,-217,-5.1407879786014785,PSI
873,-8,-249,0.3807991095260356,PSI
874,-181,148,0.3807991095260357,PSI
875,-25,237,0.5711986642890533,PSI
876,-226,56,1.9991953250116872,PSI
877,235,-56,-1.5231964381041423,PSI
878,45,245,-2.66559376668225,PSI
879,-2,238,-1.6183962154856513,PSI
880,-205,12,-1.9991953250116872,PSI
881,201,113,1.6183962154856515,PSI
882,-154,170,-3.046392876208286,PSI
883,-14,220,1.6183962154856515,PSI
884,-200,-149,3.8079910952603577,PSI
885,-112,-157,-2.284794657156214,PSI
886,177,-105,0.09519977738150857,PSI
887,-100,-169,-5.140787978601478,PSI
888,142,-127,4.283989982167901,PSI
889,193,-158,0.19039955476301762,PSI
890,228,103,2.951193098826777,PSI
891,-141,162,-2.284794657156214,PSI
892,-204,-55,-4.759988869075444,PSI
893,179,152,0.7615982190520708,PSI
894,206,-72,-2.379994434537723,PSI
895,-217,122,-1.6183962154856513,PSI
896,131,-160,1.0471975511965979,PSI
897,-120,180,4.569589314312427,PSI
898,210,-43,6.7591841940871245,PSI
899,202,-108,-0.19039955476301773,PSI
900,119,-178,2.189594879774705,PSI
901,148,133,4.37918975954941,PSI
902,74,180,-9.04397885124334,PSI
903,-232,-91,-0.4759988869075442,PSI
904,110,199,-4.283989982167902,PSI
905,177,123,6.473584861942598,PSI
906,198,25,0.3807991095260355,PSI
907,219,-120,-1.2375971059596154,PSI
908,3,-218,-5.71198664289053,PSI
909,-191,-26,7.806381745283718,PSI
910,86,170,6.663984416705616,PSI
911,-79,205,-1.2375971059596156,PSI
912,134,-188,-0.8567979964335799,PSI
913,-156,-196,-2.5703939893007415,PSI
914,206,127,5.521587088127513,PSI
915,-171,-117,0.7615982190520709,PSI
916,179,-64,2.284794657156214,PSI
917,-15,247,4.855188646456953,PSI
918,-76,-188,10.947974398873528,PSI
919,32,-237,0.4759988869075442,PSI
920,88,209,-0.6663984416705633,PSI
921,-118,-202,-6.854383971468631,PSI
922,-1,212,3.141592653589795,PSI
923,-143,-169,0.7615982190520709,PSI
924,-16,-232,-0.09519977738150896,PSI
925,-185,-156,-0.8567979964335797,PSI
926,-140,-153,0.9519977738150888,PSI
927,-196,-125,-1.4279966607226333,PSI
928,-218,-119,-0.38079910952603535,PSI
929,-205,65,-3.236792430971304,PSI
930,-155,154,-3.9031908726418667,PSI
931,199,147,4.664789091693936,PSI
932,173,-136,-12.756770169122207,PSI
933,-10,-213,3.331992208352813,PSI
934,-210,93,-1.2375971059596145,PSI
935,210,67,-2.189594879774705,PSI
936,-69,-225,2.284794657156214,PSI
937,207,-135,6.949583748850141,PSI
938,224,35,0.4759988869075442,PSI
939,70,-186,-2.7607935440637585,PSI
940,169,140,-1.7135959928671602,PSI
941,-78,220,1.9039955476301764,PSI
942,197,49,-0.5711986642890531,PSI
943,-224,-19,1.7135959928671598,PSI
944,239,65,-0.666398441670562,PSI
945,163,123,-3.9031908726418667,PSI
946,-225,42,-1.0471975511965976,PSI
947,54,-210,-2.189594879774705,PSI
948,160,191,-1.5231964381041418,PSI
949,-208,-102,-1.4279966607226333,PSI
950,-121,197,-3.9031908726418667,PSI
951,13,-205,5.521587088127513,PSI
952,99,-195,1.5231964381041423,PSI
953,74,238,6.759184194087126,PSI
954,8,192,-0.761598219052071,PSI
955,-49,-189,-2.855993321445268,PSI
956,-210,135,-1.5231964381041423,PSI
957,119,-193,0.666398441670562,PSI
958,-108,206,-5.04558820121997,PSI
959,-36,245,3.236792430971304,PSI
960,-186,-96,1.3877787807814457e-16,PSI
961,140,-203,0.4759988869075442,PSI
962,187,134,2.66559376668225,PSI
963,-103,174,4.283989982167902,PSI
964,187,36,6.092785752416565,PSI
965,250,-12,2.189594879774705,PSI
966,-163,-106,0.3807991095260356,PSI
967,-24,-197,3.9031908726418667,PSI
968,-33,217,5.045588201219971,PSI
969,-192,72,24.18074345490334,PSI
970,-196,44,-30.273529207319942,PSI
971,-103,-202,-2.094395102393196,PSI
972,-131,147,-0.09519977738150952,PSI
973,154,179,9.995976625058432,PSI
974,185,-169,-1.3327968833411243,B6F
975,155,-110,-6.854383971468633,B6F
976,-38,192,-1.6183962154856513,B6F
977,-129,-172,1.5231964381041427,B6F
978,214,106,-1.9039955476301782,B6F
979,187,162,-2.951193098826778,B6F
980,193,-70,-5.616786865509021,B6F
981,-184,96,3.522391763115831,B6F
982,61,206,4.474389536930919,B6F
983,-232,25,4.474389536930919,B6F
984,145,-191,0.5711986642890535,B6F
985,66,-198,4.855188646456953,B6F
986,161,-154,1.4279966607226338,B6F
987,-206,-20,-3.6175915404973398,B6F
988,40,-226,2.760793544063759,B6F
989,-57,227,-2.284794657156214,B6F
990,125,-217,5.3311875333644965,B6F
991,-214,-131,5.1407879786014785,B6F
992,-216,-63,6.378385084561089,B6F
993,-105,160,9.900776847676923,B6F
994,12,244,-1.5231964381041423,B6F
995,-58,-198,-6.187985529798073,B6F
996,-185,136,-7.330382858376177,B6F
997,78,-230,3.141592653589795,B6F
998,209,97,3.903190872641866,B6F
999,-232,87,-0.7615982190520708,B6F
1000,183,172,-0.38079910952603535,B6F
1001,246,37,-5.616786865509021,B6F
1002,205,-30,-0.4759988869075442,B6F
1003,22,-213,-3.1415926535897953,B6F
1004,222,87,0.28559933214452693,B6F
1005,-36,231,4.569589314312427,B6F
1006,33,-197,-0.28559933214452693,LHCII
1007,-197,-112,-3.236792430971304,LHCII
1008,-98,230,-3.9031908726418667,LHCII
1009,109,160,-3.522391763115831,LHCII
1010,-158,-148,3.8079910952603577,LHCII
1011,93,-230,6.378385084561089,LHCII
1012,-184,10,8.282380632191263,LHCII
1013,237,37,-1.7135959928671602,LHCII
1014,-154,-174,-10.186376179821451,LHCII
1015,213,118,3.9031908726418676,LHCII
1016,188,-107,4.283989982167902,LHCII
1017,75,192,-1.9991953250116872,LHCII
1018,135,-214,2.66559376668225,LHCII
1019,174,-92,5.902386197653549,LHCII
1020,140,116,-4.283989982167902,LHCII
1021,-132,178,-1.6183962154856517,LHCII
1022,229,-32,-5.711986642890529,LHCII
1023,161,154,3.0531133177191805e-16,LHCII
1024,-91,-214,-3.5223917631158312,LHCII
1025,234,-39,1.4279966607226333,LHCII
1026,-238,78,2.6655937666822505,LHCII
1027,-246,53,4.664789091693936,LHCII
1028,-143,-185,4.855188646456953,LHCII
1029,58,-221,-1.6183962154856513,LHCII
1030,-49,222,5.235987755982987,LHCII
1031,240,-11,15.803163045330507,LHCII
1032,235,93,-0.5711986642890531,LHCII
1033,214,-33,1.1423973285781064,LHCII
1034,-238,8,0.28559933214452693,LHCII
1035,-243,46,1.0471975511965974,LHCII
1036,-124,220,4.283989982167902,LHCII
1037,-64,189,-0.28559933214452665,LHCII
1038,-40,-230,-0.28559933214452693,LHCII
1039,-87,-202,2.0943951023931966,LHCII
1040,177,111,-2.379994434537723,LHCII
1041,170,-149,-7.044783526231649,LHCII
1042,146,146,0.19039955476301795,LHCII
1043,-42,224,1.3327968833411243,LHCII
1044,-129,-160,-6.854383971468632,LHCII
1045,-221,10,4.759988869075444,LHCII
1046,-176,-146,5.235987755982988,LHCII
1047,-184,28,-5.235987755982987,LHCII
1048,-204,82,4.569589314312427,LHCII
1049,129,164,-6.663984416705616,LHCII
1050,-198,-137,-0.9519977738150885,LHCII
1051,-167,-151,7.996781300046735,LHCII
1052,22,-191,2.284794657156214,LHCII
1053,-196,96,0.19039955476301762,LHCII
1054,50,-218,4.9503884238384614,LHCII
1055,-201,127,8.187180854809752,LHCII
1056,114,210,0.5711986642890531,LHCII
1057,-46,212,-2.570393989300741,LHCII
1058,-108,-228,0.5711986642890531,LHCII
1059,109,121,1.8087957702486692,LHCII
1060,-159,-138,-1.1423973285781068,LHCII
1061,-231,77,-1.2375971059596154,LHCII
1062,122,200,-0.5711986642890534,LHCII
1063,-165,57,6.187985529798072,LHCII
1064,191,-3,-1.7135959928671602,LHCII
1065,-101,-213,9.615177515532395,LHCII
1066,-169,-138,-0.951997773815088,LHCII
1067,-4,-234,5.807186420272038,LHCII
1068,-139,-191,4.283989982167902,LHCII
1069,10,236,0.7615982190520713,LHCII
1070,-240,40,-0.5711986642890535,LHCII
1071,-149,204,3.046392876208286,LHCII
1072,123,209,-2.475194211919232,LHCII
1073,244,55,-2.189594879774705,LHCII
1074,-35,-249,4.855188646456953,LHCII
1075,-206,-6,3.7127913178788488,LHCII
1076,-251,36,1.7135959928671602,LHCII
1077,-33,-242,-1.4279966607226333,LHCII
1078,205,-123,-0.9519977738150885,LHCII
1079,239,-74,6.187985529798072,LHCII
1080,-54,215,-0.5711986642890531,LHCII
1081,111,-207,-1.3877787807814457e-16,LHCII
1082,-177,164,-6.854383971468632,LHCII
1083,196,2,3.7127913178788488,LHCII
1084,-179,173,-1.3327968833411235,LHCII
1085,-127,-213,-0.4759988869075442,LHCII
1086,96,-184,-0.9519977738150885,LHCII
1087,252,25,4.759988869075444,LHCII
1088,106,229,6.759184194087124,LHCII
1089,251,16,-1.7135959928671607,LHCII
1090,69,225,-3.0463928762082864,LHCII
1091,-99,187,7.235183080994666,LHCII
1092,-213,27,-0.38079910952603524,LHCII
1093,124,141,3.141592653589795,LHCII
1094,-146,-202,-3.8079910952603577,LHCII
1095,116,-225,1.9991953250116872,LHCII
1096,-62,210,0.09519977738150913,LHCII
1097,209,2,-3.9983906500233757,LHCII
1098,196,-138,-0.7615982190520707,LHCII
1099,192,119,-3.522391763115831,LHCII
1100,136,172,0.666398441670562,LHCII
1101,33,251,-6.5687846393241065,LHCII
1102,-73,230,3.0463928762082864,LHCII
1103,-235,49,-2.760793544063759,LHCII
1104,-164,-132,2.5703939893007415,LHCII
1105,229,-70,5.04558820121997,LHCII
1106,108,-188,-2.094395102393196,LHCII
1107,-176,69,-1.0471975511965974,LHCII
1108,178,29,-12.375971059596168,LHCII
1109,7,253,-8.75837951909881,LHCII
1110,74,215,-2.855993321445268,LHCII
1111,-83,-227,1.6183962154856513,LHCII
1112,-81,-234,-2.379994434537723,LHCII
1113,116,-213,-7.806381745283718,LHCII
1114,15,-251,6.187985529798073,LHCII
1115,193,67,1.6183962154856513,LHCII
1116,235,-4,1.0471975511965979,LHCII
1117,117,-158,1.1423973285781064,LHCII
1118,217,57,-0.8567979964335796,LHCII
1119,-135,-103,-13.708767942937296,LHCII
1120,-173,-156,-0.1903995547630179,LHCII
1121,-209,-65,6.473584861942598,LHCII
1122,-81,-156,0.9519977738150885,LHCII
1123,148,-178,1.0471975511965974,LHCII
1124,-107,-191,6.568784639324106,LHCII
1125,-216,35,6.663984416705616,LHCII
1126,-169,-177,-1.9991953250116872,LHCII
1127,219,-50,5.331187533364496,LHCII
1128,15,253,-5.616786865509021,LHCII
1129,-224,-40,-1.0471975511965974,LHCII
1130,-178,-106,-1.6183962154856513,LHCII
1131,-167,99,0.38079910952603535,LHCII
1132,-43,-207,-1.2375971059596154,LHCII
1133,-159,124,3.7127913178788488,LHCII
1134,-143,180,-1.5231964381041418,LHCII
1135,144,174,-0.666398441670562,LHCII
1136,110,152,2.66559376668225,LHCII
1137,-202,-93,3.6175915404973398,LHCII
1138,154,153,2.9511930988267774,LHCII
1139,212,-107,0.8567979964335791,LHCII
1140,-210,42,0.6663984416705624,LHCII
1141,-69,214,7.806381745283718,LHCII
1142,87,237,-3.427191985734322,LHCII
1143,-118,225,4.759988869075444,LHCII
1144,-162,105,7.901581522665227,LHCII
1145,-13,231,-9.900776847676923,LHCII
1146,-208,-139,1.3327968833411243,LHCII
1147,3,-253,3.9983906500233757,LHCII
1148,-66,228,0.5711986642890531,LHCII
1149,-104,-182,9.424777960769376,LHCII
1150,-71,174,1.9039955476301782,LHCII
1151,-105,150,3.046392876208286,LHCII
1152,168,152,0.7615982190520708,LHCII
1153,-170,121,-0.38079910952603535,LHCII
1154,154,200,1.9039955476301786,LHCII
1155,195,76,5.331187533364496,LHCII
1156,67,-213,5.807186420272039,LHCII
1157,-92,180,5.331187533364496,LHCII
1158,237,-67,7.806381745283718,LHCII
1159,128,-149,2.9511930988267774,LHCII
1160,14,-226,9.615177515532395,LHCII
1161,86,183,3.8079910952603577,LHCII
1162,245,-1,3.2367924309713043,LHCII
1163,-217,20,1.2375971059596158,LHCII
1164,-95,202,-7.71118196790221,LHCII
1165,131,200,-5.616786865509021,LHCII
1166,189,-135,3.141592653589795,LHCII
1167,-28,252,3.8079910952603577,LHCII
1168,-4,227,5.331187533364496,LHCII
1169,107,-146,2.379994434537723,LHCII
1170,-177,60,-6.187985529798072,LHCII
1171,-32,199,1.7135959928671607,LHCII
1172,-234,-1,-8.472780186954282,LHCII
1173,170,-114,3.046392876208286,LHCII
1174,-31,-231,3.522391763115831,LHCII
1175,22,237,2.951193098826777,LHCII
1176,-163,161,-4.569589314312428,LHCII
1177,88,-206,1.7135959928671611,LHCII
1178,-214,52,1.9991953250116872,LHCII
1179,102,163,3.427191985734322,LHCII
1180,5,-232,2.379994434537723,LHCII
1181,60,230,3.331992208352813,LHCII
1182,-195,-83,-5.71198664289053,LHCII
1183,-177,-164,2.951193098826776,LHCII
1184,-203,103,0.2855993321445265,LHCII
1185,178,92,-6.663984416705615,LHCII
1186,-26,-236,-7.901581522665227,LHCII
1187,128,173,-6.663984416705616,LHCII
1188,232,21,-2.9511930988267774,LHCII
1189,-49,-175,-1.1423973285781064,LHCII
1190,215,8,-2.760793544063759,LHCII
1191,178,-119,-7.996781300046735,LHCII
1192,145,190,-0.8567979964335801,LHCII
1193,173,87,-8.948779073861829,LHCII
1194,-40,-180,8.187180854809753,LHCII
1195,158,25,0.5711986642890531,LHCII
1196,220,121,14.089567052463337,LHCII
1197,206,-146,-0.38079910952603535,LHCII
1198,-113,164,2.189594879774705,LHCII
1199,-232,67,-2.66559376668225,LHCII
1200,-172,89,12.375971059596168,LHCII
1201,197,-146,-4.855188646456953,LHCII
1202,-109,189,7.330382858376176,LHCII
1203,237,29,7.901581522665227,LHCII
1204,31,234,4.664789091693936,LHCII
1205,71,-172,1.6183962154856517,LHCII
1206,-168,-170,-2.951193098826776,LHCII
1207,17,180,1.0471975511965974,LHCII
1208,244,21,8.663179741717299,LHCII
1209,-7,-226,-9.615177515532395,LHCII
1210,-174,-131,-6.092785752416565,LHCII
1211,-115,215,-2.475194211919231,LHCII
1212,-74,-204,2.189594879774705,LHCII
1213,141,-139,2.855993321445268,LHCII
1214,151,-202,-7.235183080994666,LHCII
1215,-243,27,-3.522391763115831,LHCII
1216,152,-151,-7.520782413139193,LHCII
1217,-142,140,-6.092785752416565,LHCII
1218,-211,-12,7.044783526231649,LHCII
1219,-222,28,2.6655937666822505,LHCII
1220,236,-18,1.3877787807814457e-16,LHCII
1221,103,-158,-10.091176402439942,LHCII
1222,197,160,-1.5231964381041423,LHCII
1223,195,-131,0.6663984416705623,LHCII
1224,-194,-74,1.7135959928671611,LHCII
1225,102,171,1.4279966607226333,LHCII
1226,109,-165,9.424777960769374,LHCII
1227,22,-227,-0.47599888690754466,LHCII
1228,-230,12,-1.0471975511965976,LHCII
1229,-216,-27,-4.7599888690754435,LHCII
1230,56,-179,6.9495837488501415,LHCII
1231,231,-11,-3.046392876208286,LHCII
1232,-21,-209,2.3799944345377235,LHCII
1233,-182,-174,-3.331992208352813,LHCII
1234,202,-152,-1.808795770248669,LHCII
1235,163,-139,-3.7127913178788514,LHCII
1236,-217,67,-0.9519977738150885,LHCII
1237,215,25,0.9519977738150885,LHCII
1238,200,-42,-3.1415926535897976,LHCII
1239,127,134,-1.7135959928671607,LHCII
1240,-4,252,-0.38079910952603524,LHCII
1241,-132,216,-1.3327968833411243,LHCII
1242,52,234,1.4279966607226333,LHCII
1243,249,7,2.9511930988267774,LHCII
1244,-68,-196,1.6183962154856517,LHCII
1245,254,1,4.093590427404885,LHCII
1246,-101,195,-4.569589314312427,LHCII
1247,-192,85,3.046392876208286,LHCII
1248,-225,69,-22.086348352510132,LHCII
1249,245,-63,-1.0471975511965979,LHCII
1250,66,214,3.522391763115831,LHCII
1251,106,209,-3.7127913178788488,LHCII
1252,30,224,-4.188790204786393,LHCII
1253,-174,45,-3.6175915404973407,LHCII
1254,210,-15,16.659961041764088,LHCII
1255,-14,205,-0.09519977738150918,LHCII
1256,-161,-182,-16.46956148700107,LHCII
1257,-237,19,2.094395102393196,LHCII
1258,89,-222,7.044783526231654,LHCII
1259,-224,16,-3.7127913178788505,LHCII
1260,-77,161,11.043174176255034,LHCII
1261,128,-203,1.3327968833411235,LHCII
1262,249,48,3.046392876208286,LHCII
1263,25,-182,0.19039955476301745,LHCII
1264,127,193,4.9503884238384614,LHCII
1265,184,49,0.3807991095260358,LHCII
1266,-77,-164,-6.5687846393241065,LHCII
1267,30,242,5.1407879786014785,LHCII
1268,183,-36,-0.09519977738150963,LHCII
1269,128,154,4.759988869075444,ATP
1270,104,-205,0.28559933214452676,ATP
1271,111,189,-7.996781300046735,ATP
1272,-21,-222,-2.951193098826777,ATP
1273,-166,191,-1.5231964381041423,ATP
1274,216,132,-7.806381745283718,ATP
1275,-114,-180,2.094395102393196,ATP
1276,200,-95,4.474389536930918,ATP
1277,63,222,-1.8087957702486688,ATP
1278,104,189,7.71118196790221,ATP
1279,3,-238,-1.6183962154856517,ATP
1280,-37,-190,-6.187985529798072,ATP
1281,-217,-54,6.663984416705615,ATP
1282,-239,-65,-1.3327968833411243,ATP
1283,7,-247,-4.37918975954941,ATP
1284,226,116,-1.9991953250116876,ATP
1285,172,-156,-0.7615982190520711,ATP
1286,21,245,4.474389536930919,ATP
1287,-254,-14,-0.47599888690754455,ATP
1288,-90,-237,-5.521587088127513,ATP
1289,142,200,-9.139178628624848,ATP
1290,-125,209,1.0471975511965974,ATP
1291,-71,195,-5.04558820121997,ATP
1292,143,-162,-8.091981077428244,ATP
1293,252,-31,0.7615982190520708,ATP
1294,175,-181,8.75837951909881,ATP
1295,-89,168,3.522391763115831,ATP
1296,164,-145,5.71198664289053,ATP
1297,-190,28,6.949583748850141,ATP
1298,7,224,3.141592653589795,ATP
1299,55,-192,-7.996781300046735,ATP
1300,122,188,-7.71118196790221,ATP
1301,-50,-205,-1.4279966607226333,ATP
1302,-42,-221,2.570393989300741,ATP
1303,-198,57,1.5231964381041427,ATP
1304,-207,2,-2.3799944345377235,ATP
1305,-134,-214,2.855993321445268,ATP
1306,-252,19,1.3327968833411243,ATP
1307,-62,-245,2.379994434537723,ATP
1308,82,-238,-2.76079354406376,ATP
1309,206,32,-5.807186420272039,ATP
1310,-195,124,5.3311875333644965,ATP
1311,-85,175,10.091176402439942,ATP
1312,203,59,6.37838508456109,ATP
1313,-196,155,-2.76079354406376,ATP
1314,-223,94,0.4759988869075451,ATP
1315,-153,-184,5.807186420272038,ATP
1316,-174,96,0.19039955476301762,ATP
1317,-61,-191,-0.7615982190520708,ATP
1318,37,220,1.9039955476301786,ATP
1319,45,216,-3.331992208352813,ATP
1320,-201,-30,1.6183962154856513,ATP
1321,-2,200,3.9983906500233757,ATP
1322,-190,-49,-3.4271919857343223,ATP
1323,160,135,-2.760793544063759,ATP
1324,-226,-31,1.5231964381041423,ATP
1325,-250,-38,1.9991953250116876,ATP
1326,-206,148,12.947169723885224,ATP
1327,-20,197,1.4279966607226338,ATP
1328,77,-200,1.6183962154856513,ATP
1329,-65,222,11.423973285781074,ATP
1330,152,-185,7.235183080994665,ATP
1331,-140,173,-0.28559933214452604,ATP
1332,-207,51,-3.427191985734322,ATP
1333,-98,163,0.6663984416705624,ATP
1334,41,-192,9.805577070295413,ATP
1335,180,-176,1.5231964381041427,ATP
1336,-207,-117,-1.7135959928671602,ATP
1337,-246,-63,-5.616786865509021,ATP
1338,109,-199,18.7543561441573,ATP
1339,37,188,2.475194211919232,ATP
1340,-150,-154,-3.9983906500233757,ATP
1341,-187,-79,-2.189594879774705,ATP
1342,251,-23,-4.474389536930918,ATP
1343,-146,-179,5.616786865509021,ATP
1344,29,-192,5.616786865509021,ATP
1345,-137,-181,8.187180854809753,ATP
1346,51,-247,5.521587088127513,ATP
1347,-43,-199,4.569589314312427,ATP
1348,98,201,-3.522391763115831,ATP
1349,-196,-101,0.7615982190520713,ATP
1350,-189,21,-2.379994434537723,ATP
1351,-114,-191,0.5711986642890534,ATP
1352,197,11,0.8567979964335797,ATP
1353,-174,-100,3.9983906500233757,ATP
1354,149,-158,2.379994434537723,ATP
1355,172,-125,1.237597105959615,ATP
1356,-81,-206,-3.522391763115831,ATP
1357,-144,-128,5.902386197653548,ATP
1358,-179,-66,3.427191985734322,ATP
1359,-252,-32,0.9519977738150885,ATP
1360,180,-126,9.139178628624848,ATP
1361,59,-188,17.326359483434658,ATP
1362,12,-215,-8.091981077428244,ATP
1363,222,62,-1.8087957702486697,ATP
1364,53,-200,3.0531133177191805e-16,ATP
1365,123,-167,6.759184194087124,ATP
1366,-65,-205,-1.9039955476301782,ATP
1367,-78,241,-0.28559933214452693,ATP
1368,-109,225,-4.9503884238384614,ATP
1369,198,36,1.0471975511965979,ATP
1370,-49,-215,5.235987755982987,ATP
1371,142,152,-0.6663984416705624,ATP
1372,-49,232,2.379994434537723,ATP
1373,-188,-168,1.7135959928671594,ATP
1374,248,-52,11.89997217268862,ATP
1375,119,-206,-1.903995547630179,ATP
1376,-147,-135,10.757574844110508,ATP
1377,92,231,1.7135959928671602,ATP
1378,23,251,-13.137569278648243,ATP
1379,218,96,7.806381745283718,ATP
1380,137,194,10.947974398873527,ATP
1381,51,-185,-7.711181967902208,ATP
1382,-82,-215,1.6183962154856513,ATP
1383,-214,3,1.8087957702486692,ATP
1384,63,-206,-24.751942119192393,ATP
1385,213,-24,-6.283185307179582,ATP
1386,-196,-160,-1.9039955476301778,ATP
1387,-227,-64,4.283989982167902,ATP
1388,216,-131,-1.1423973285781064,ATP
1389,198,-49,-15.32716415842296,ATP
1390,110,-218,7.520782413139193,ATP
1391,98,194,5.426387310746004,ATP
1392,-11,196,12.471170836977677,ATP
1393,109,169,0.2855993321445265,ATP
1394,59,-243,-2.284794657156214,ATP
1395,185,95,4.569589314312427,ATP
1396,42,-237,-7.996781300046735,ATP
1397,211,18,2.66559376668225,ATP
1398,197,136,-6.283185307179582,ATP
1399,-19,212,10.18637617982145,ATP
1400,150,-119,11.328773508399564,ATP
1401,-89,214,-1.2375971059596154,ATP
1402,198,-6,0.5711986642890531,ATP
1403,191,18,-10.757574844110506,ATP
1404,212,139,3.1415926535897976,ATP
1405,-76,-214,-1.8087957702486692,ATP
1406,116,168,-7.330382858376174,ATP
1407,-178,-74,-7.71118196790221,ATP
1408,11,215,7.901581522665226,ATP
1409,-209,105,2.1895948797747042,ATP
1410,-241,-71,1.9991953250116876,ATP
1411,-142,150,-9.615177515532395,ATP
1412,191,-59,-3.046392876208286,ATP
1413,195,125,1.1423973285781073,ATP
1414,-234,96,6.7591841940871245,ATP
1415,205,-6,1.5231964381041423,ATP
1416,193,-24,4.093590427404885,ATP
1417,-177,-140,-10.28157595720296,ATP
1418,214,34,1.8087957702486692,ATP
1419,241,46,-2.379994434537724,ATP
1420,123,168,3.331992208352813,ATP
1421,226,-92,-1.80879577024867,ATP
1422,147,205,-0.19039955476301884,ATP
1423,-56,189,5.71198664289053,ATP
1424,202,-14,-17.89755814772371,ATP
1425,-168,-187,-17.802358370342205,ATP
1426,162,-115,-18.278357257249755,ATP
1427,28,-223,7.04478352623165,ATP
1428,-92,208,-0.7615982190520713,ATP
1429,100,234,-7.520782413139191,ATP
1430,-43,-246,-1.2375971059596167,ATP
1431,189,152,12.756770169122206,ATP
1432,-53,-221,-9.234378406006357,PSII_mono
1433,-40,204,10.37677573458447,PSII_mono
1434,-24,207,2.951193098826778,PSII_mono
1435,-187,-135,9.424777960769376,PSII_mono
1436,-15,190,-34.367119634724844,PSII_mono
1437,26,-200,2.951193098826777,PSII_mono
1438,-63,-182,-2.5703939893007415,PSII_mono
1439,228,-1,1.7135959928671594,PSII_mono
1440,204,10,1.8087957702486692,PSII_mono
1441,-52,198,8.85357929648032,PSII_mono
1442,41,-249,-4.664789091693937,PSII_mono
1443,192,-15,13.80396772031881,PSII_mono
1444,-250,10,6.663984416705616,PSII_mono
1445,-62,180,35.12871785377691,PSII_mono
1446,-242,65,1.2375971059596145,PSII_mono
1447,-5,190,-0.8567979964335792,PSII_mono
1448,-66,202,-28.750332769215788,PSII_mono
1449,-58,-210,3.9983906500233766,PSII_mono
1450,-49,186,17.04076015129013,PSII_mono
