,x,y,theta,Ptype
0,128,-90,0.0,C2S2M2
1,31,5,0.0,C2S2M2
2,-100,67,0.0,C2S2M2
3,93,-138,0.0,C2S2M2
4,-33,-85,0.0,C2S2M2
5,75,24,0.0,C2S2M2
6,-10,-122,0.0,C2S2M2
7,-149,-38,0.0,C2S2M2
8,-40,2,0.0,C2S2M2
9,-88,43,0.0,C2S2M2
10,-79,145,0.0,C2S2M2
11,-20,102,0.0,C2S2M2
12,-6,84,-6.378385084561089,C2S2M2
13,84,-47,0.0,C2S2M2
14,83,49,2.189594879774705,C2S2M2
15,-39,27,0.0,C2S2M2
16,110,-118,-0.28559933214452665,C2S2M2
17,146,-36,0.0,C2S2M2
18,61,-108,0.0,C2S2M2
19,-131,24,0.0,C2S2M2
20,28,103,0.0,C2S2M2
21,23,-131,0.0,C2S2M2
22,115,105,0.0,C2S2M2
23,-47,67,0.0,C2S2M2
24,139,45,0.0,C2S2M2
25,-103,-53,0.0,C2S2M2
26,153,27,-0.19039955476301784,C2S2M2
27,-36,120,0.0,C2S2M2
28,-93,21,-0.38079910952603535,C2S2M2
29,-17,-20,0.0,C2S2M2
30,86,71,-0.4759988869075444,C2S2M2
31,-130,-69,-0.3807991095260355,C2S2M2
32,55,40,0.09519977738150902,C2S2M2
33,-106,127,-0.19039955476301784,C2S2M2
34,37,84,0.0,C2S2M2
35,-55,-37,0.0,C2S2M2
36,106,46,-1.8087957702486692,C2S2M2
37,81,-83,0.0,C2S2M2
38,-41,-143,0.0,C2S2M2
39,-44,-17,-2.379994434537723,C2S2
40,28,-111,-2.189594879774705,C2S2
41,17,127,0.0,C2S2
42,-122,63,-0.5711986642890533,C2S2
43,-14,5,-1.7135959928671602,C2S2
44,-62,3,2.094395102393196,C2S2
45,-4,134,-1.6183962154856517,C2S2
46,-127,-46,-0.9519977738150888,C2S2
47,116,67,0.28559933214452693,C2S2
48,-111,89,21.134350578695035,C2S2
49,-147,-85,0.47599888690754427,C2S2
50,115,22,0.19039955476301776,C2S2
51,71,-144,-1.1423973285781066,C2S2
52,72,124,0.0,C2S2
53,30,-13,3.9983906500233757,C2S2
54,-77,68,-1.0471975511965976,C2S2
55,153,-78,0.19039955476301784,C2S2
56,13,-100,0.6663984416705621,C2S2
57,53,64,0.0,C2S2
58,-89,-5,0.0,C2S2
59,-94,-29,0.0,C2S2
60,-48,102,0.1903995547630178,C2S2
61,89,-114,-1.4279966607226333,C2S2
62,-14,-142,1.0471975511965974,C2S2
63,-122,112,3.331992208352813,C2S2
64,-131,41,0.7615982190520713,C2S2
65,-140,76,1.5231964381041425,C2S2
66,104,9,0.0,C2S2
67,48,-92,0.5711986642890531,C2S2
68,3,108,-0.4759988869075444,C2S2
69,71,1,0.0,C2S2
70,-121,-25,-0.3807991095260356,C2S2
71,105,-51,-1.4279966607226335,C2S2
72,-58,-82,-0.5711986642890533,C2S2
73,16,21,-5.807186420272038,C2S2
74,-121,-5,0.0,C2S2
75,-150,6,0.0,C2S2
76,-2,166,0.0,C2S2
77,-63,33,-0.5711986642890535,C2S2
78,35,56,0.0,LHCII
79,101,-69,2.094395102393196,LHCII
80,157,-58,0.0,LHCII
81,-128,13,-1.9039955476301782,LHCII
82,-147,-96,0.2855993321445267,LHCII
83,82,-29,0.0,LHCII
84,-78,-87,0.0,LHCII
85,4,123,0.1903995547630178,LHCII
86,20,-145,1.5231964381041423,LHCII
87,-50,-161,0.0,LHCII
88,-26,-156,0.5711986642890532,LHCII
89,55,-123,0.38079910952603546,LHCII
90,-13,118,3.7127913178788488,LHCII
91,48,24,0.0,LHCII
92,-94,-89,0.0,LHCII
93,-99,89,-0.5711986642890533,LHCII
94,50,-151,0.0,LHCII
95,39,34,0.09519977738150888,LHCII
96,14,-69,0.0,LHCII
97,-66,84,0.0,LHCII
98,-102,-15,1.7135959928671605,LHCII
99,61,-83,1.1423973285781066,LHCII
100,-110,-40,-0.09519977738150888,LHCII
101,120,33,-0.47599888690754444,LHCII
102,26,45,0.0,LHCII
103,-39,-109,0.0,LHCII
104,132,-1,0.0,LHCII
105,-90,-111,0.0,LHCII
106,28,152,0.0,LHCII
107,110,118,0.1903995547630178,LHCII
108,-85,-90,-0.28559933214452665,LHCII
109,40,-70,0.0,LHCII
110,-62,-15,1.7135959928671602,LHCII
111,-64,158,-0.09519977738150891,LHCII
112,-134,94,-0.3807991095260356,LHCII
113,-132,125,0.6663984416705622,LHCII
114,35,147,-0.28559933214452665,LHCII
115,10,141,0.5711986642890533,LHCII
116,91,-59,-5.04558820121997,LHCII
117,-162,45,0.0,LHCII
118,49,13,0.0,LHCII
119,-67,-64,0.0,LHCII
120,74,36,1.5231964381041423,LHCII
121,120,42,4.474389536930919,LHCII
122,46,-17,-1.4279966607226338,LHCII
123,-2,-6,2.284794657156214,LHCII
124,-93,-15,-1.7135959928671602,LHCII
125,50,99,0.0,LHCII
126,110,87,0.0,LHCII
127,-32,135,-0.5711986642890532,LHCII
128,117,-53,0.0,LHCII
129,-23,135,-2.379994434537723,LHCII
130,-105,-76,0.0,LHCII
131,-105,109,0.19039955476301776,LHCII
132,-43,137,0.0,LHCII
133,-160,-7,0.0,LHCII
134,-157,-59,0.0,LHCII
135,-139,-54,-1.1423973285781066,LHCII
136,-14,139,-7.615982190520701,LHCII
137,60,-67,0.0,LHCII
138,9,-51,0.0,LHCII
139,7,-41,0.0,LHCII
140,-168,-13,0.0,LHCII
141,-110,-18,-2.094395102393196,LHCII
142,122,82,0.0,LHCII
143,124,-49,-2.760793544063759,LHCII
144,-1,-40,-0.09519977738150896,LHCII
145,33,128,0.4759988869075443,LHCII
146,-5,-63,0.0,LHCII
147,-111,-71,1.0471975511965976,LHCII
148,-86,-79,0.0,LHCII
149,117,-26,0.0,LHCII
150,156,-20,0.1903995547630178,LHCII
151,-80,-109,0.0,LHCII
152,-101,-119,0.0,LHCII
153,2,-31,0.0,LHCII
154,-51,-48,0.1903995547630178,LHCII
155,-105,38,-0.09519977738150896,LHCII
156,129,-75,-0.4759988869075444,LHCII
157,38,140,-0.19039955476301784,LHCII
158,80,-96,5.04558820121997,LHCII
159,-133,-12,-0.9519977738150888,LHCII
160,37,118,1.5231964381041423,LHCII
161,88,-95,5.426387310746004,LHCII
162,-161,22,0.0,LHCII
163,69,138,0.0,LHCII
164,79,109,-0.2855993321445267,LHCII
165,165,-33,0.0,LHCII
166,7,-74,0.0,LHCII
167,9,-121,-1.6183962154856513,LHCII
168,-14,-32,0.6663984416705622,LHCII
169,-66,68,-0.6663984416705622,LHCII
170,101,-36,2.66559376668225,LHCII
171,147,-65,0.1903995547630178,LHCII
172,40,-24,-0.28559933214452665,LHCII
173,51,127,0.0,LHCII
174,-104,-66,5.04558820121997,LHCII
175,-20,-71,0.28559933214452654,LHCII
176,-52,14,3.6175915404973398,LHCII
177,-14,-40,-3.141592653589795,LHCII
178,113,-103,-0.6663984416705622,LHCII
179,150,-15,-0.5711986642890533,LHCII
180,-84,-72,0.3807991095260355,LHCII
181,-150,-58,-0.28559933214452665,LHCII
182,-47,48,0.0,LHCII
183,-149,84,-3.427191985734322,LHCII
184,-43,-62,0.0,LHCII
185,-84,-119,0.0,LHCII
186,143,-9,0.0,LHCII
187,55,154,0.0,LHCII
188,11,117,-0.5711986642890533,LHCII
189,-76,-101,0.0,LHCII
190,103,-103,-0.47599888690754455,LHCII
191,11,-113,2.189594879774705,LHCII
192,135,-12,0.0,LHCII
193,-138,119,-0.3807991095260356,LHCII
194,27,-75,0.0,LHCII
195,92,29,-0.3807991095260354,LHCII
196,31,-69,0.0,LHCII
197,-59,82,-1.0471975511965976,LHCII
198,-83,-98,-0.19039955476301776,LHCII
199,-63,-131,0.0,LHCII
200,134,106,3.331992208352813,LHCII
201,-101,-39,2.475194211919232,LHCII
202,2,-148,0.0,LHCII
203,167,-18,0.0,LHCII
204,-55,53,3.7127913178788488,LHCII
205,140,103,0.28559933214452665,LHCII
206,-83,-46,0.0,LHCII
207,92,-151,-1.0471975511965976,LHCII
208,-72,-69,-0.6663984416705622,LHCII
209,37,-140,-1.9039955476301782,LHCII
210,120,-14,0.0,LHCII
211,2,-132,-0.8567979964335799,LHCII
212,95,-20,0.0,LHCII
213,-69,20,-0.28559933214452665,LHCII
214,-24,84,0.0,LHCII
215,-111,6,0.0,LHCII
216,55,-77,-0.7615982190520708,LHCII
217,78,13,-0.951997773815089,LHCII
218,164,2,0.0,LHCII
219,-6,-84,0.0,LHCII
220,30,-39,0.0,LHCII
221,30,36,0.0,LHCII
222,-126,101,-0.3807991095260355,LHCII
223,-18,163,0.0,LHCII
224,-72,10,3.046392876208286,LHCII
225,-98,112,0.47599888690754427,LHCII
226,23,139,0.0,LHCII
227,96,-9,0.0,LHCII
228,-111,14,-2.855993321445268,LHCII
229,81,-104,-0.5711986642890531,LHCII
230,-29,61,0.0,LHCII
231,-55,-155,3.6175915404973398,LHCII
232,69,75,-4.664789091693936,LHCII
233,-103,50,-1.2375971059596156,LHCII
234,46,118,2.379994434537723,LHCII
235,96,97,0.0,LHCII
236,-10,-108,-0.5711986642890533,LHCII
237,42,127,3.6175915404973398,LHCII
238,-33,82,-0.761598219052071,LHCII
239,-17,-59,0.0,LHCII
240,21,34,0.0,LHCII
241,-66,60,-0.9519977738150885,LHCII
242,85,12,0.19039955476301762,LHCII
243,-47,86,0.0,LHCII
244,40,152,0.47599888690754444,LHCII
245,-71,-119,0.0,LHCII
246,75,83,1.9039955476301784,LHCII
247,106,80,3.8079910952603577,LHCII
248,-73,-31,0.0,LHCII
249,83,5,0.09519977738150888,LHCII
250,10,-30,2.189594879774705,LHCII
251,75,146,0.0,LHCII
252,-51,-107,0.0,LHCII
253,-82,-24,-0.7615982190520708,LHCII
254,-99,103,0.1903995547630178,LHCII
255,-111,-79,-0.5711986642890533,LHCII
256,-29,74,1.0471975511965974,LHCII
257,-102,-131,0.0,LHCII
258,102,-96,-1.7135959928671602,LHCII
259,103,89,-1.5231964381041423,LHCII
260,92,105,0.0,LHCII
261,77,-112,-8.326672684688674e-17,LHCII
262,-97,81,0.6663984416705622,LHCII
263,-63,-24,-0.0951997773815088,LHCII
264,-6,-34,0.5711986642890533,LHCII
265,-77,-78,-0.6663984416705621,LHCII
266,27,-46,-0.2855993321445267,LHCII
267,-11,-154,-3.7127913178788488,LHCII
268,-48,152,0.0,LHCII
269,-130,-88,0.0,LHCII
270,-25,49,0.0,LHCII
271,5,37,0.0,LHCII
272,-24,19,-0.47599888690754427,LHCII
273,-4,-102,-7.330382858376175,LHCII
274,64,-8,-0.5711986642890533,LHCII
275,-77,-124,-0.09519977738150891,LHCII
276,-94,94,-0.2855993321445267,LHCII
277,149,-56,-0.47599888690754427,LHCII
278,60,118,-0.0951997773815088,LHCII
279,-123,130,1.9991953250116872,LHCII
280,106,-30,-0.2855993321445265,LHCII
281,101,-150,0.9519977738150888,LHCII
282,-75,-15,-3.7127913178788488,LHCII
283,-15,156,-0.1903995547630178,LHCII
284,-37,157,0.0,LHCII
285,-69,132,0.0,LHCII
286,-75,2,7.235183080994666,LHCII
287,-83,5,-2.760793544063759,LHCII
288,-23,-53,0.0,LHCII
289,37,-83,1.4279966607226335,LHCII
290,-83,-143,0.0,LHCII
291,124,54,-0.7615982190520708,LHCII
292,-5,-152,-0.6663984416705622,LHCII
293,40,-61,-0.38079910952603546,LHCII
294,0,-23,-0.8567979964335799,LHCII
295,-70,51,0.38079910952603563,LHCII
296,-39,143,0.47599888690754444,LHCII
297,-77,30,0.0951997773815088,LHCII
298,-148,21,0.0,LHCII
299,55,84,-0.19039955476301776,LHCII
300,11,43,0.0,LHCII
301,173,-24,-0.6663984416705622,LHCII
302,89,-30,0.19039955476301784,LHCII
303,30,137,-0.7615982190520709,LHCII
304,-64,-154,0.5711986642890533,LHCII
305,160,49,0.0,LHCII
306,-74,-45,10.757574844110508,LHCII
307,-125,80,-0.8567979964335801,LHCII
308,-30,142,-2.855993321445268,LHCII
309,68,153,0.0,LHCII
310,109,-146,3.046392876208286,LHCII
311,-148,37,-0.28559933214452665,LHCII
312,-25,-61,0.2855993321445266,LHCII
313,75,-34,-0.3807991095260355,LHCII
314,-15,-161,0.4759988869075443,LHCII
315,21,-89,2.3799944345377235,LHCII
316,124,-8,1.1423973285781066,LHCII
317,-43,41,-1.6183962154856517,LHCII
318,-147,-20,0.0,LHCII
319,43,-116,-2.475194211919232,LHCII
320,-69,-20,-1.4279966607226333,LHCII
321,-86,131,-1.5231964381041425,LHCII
322,112,-131,-6.663984416705616,LHCII
323,-8,147,0.6663984416705622,LHCII
324,132,31,-1.7135959928671602,LHCII
325,-96,141,-0.28559933214452665,LHCII
326,151,3,0.0,LHCII
327,-1,151,-5.3311875333644965,LHCII
328,-93,-81,0.6663984416705622,LHCII
329,57,-137,0.0,LHCII
330,-171,-5,-0.09519977738150891,LHCII
331,-48,143,0.666398441670562,LHCII
332,39,-148,0.19039955476301806,LHCII
333,55,76,3.807991095260358,LHCII
334,34,-58,1.9991953250116874,LHCII
335,-74,108,0.0,LHCII
336,-91,8,-2.951193098826777,LHCII
337,-36,16,1.3327968833411246,LHCII
338,56,133,3.522391763115831,LHCII
339,128,-38,0.0,LHCII
340,112,-92,4.474389536930919,LHCII
341,92,2,1.4279966607226333,LHCII
342,-144,-9,1.0471975511965976,LHCII
343,37,-41,-0.4759988869075444,LHCII
344,7,152,-0.3807991095260355,LHCII
345,-43,14,-2.094395102393196,LHCII
346,64,143,-1.9039955476301782,LHCII
347,-48,-97,2.7755575615628914e-17,LHCII
348,15,166,1.4279966607226338,LHCII
349,25,-65,-0.38079910952603546,LHCII
350,14,-23,0.0,LHCII
351,-34,-34,0.0,LHCII
352,109,-23,0.2855993321445265,LHCII
353,-21,63,0.09519977738150888,LHCII
354,15,-35,0.0,LHCII
355,128,-15,-0.6663984416705622,LHCII
356,6,-17,1.9039955476301782,LHCII
357,-107,-96,0.0,LHCII
358,-107,-1,-0.09519977738150888,LHCII
359,141,59,-3.7127913178788488,LHCII
360,136,-22,0.0,LHCII
361,-119,7,2.094395102393196,LHCII
362,90,-6,2.3799944345377235,LHCII
363,125,-23,-0.761598219052071,LHCII
364,-10,22,-3.6175915404973398,LHCII
365,-27,149,-0.8567979964335799,LHCII
366,-36,55,0.0,LHCII
367,-39,-72,0.28559933214452665,LHCII
368,-100,-95,-0.19039955476301773,LHCII
369,0,-80,-0.5711986642890532,LHCII
370,13,89,-3.9983906500233757,LHCII
371,118,-137,0.9519977738150885,LHCII
372,-91,-67,0.0,LHCII
373,62,79,-3.7127913178788488,LHCII
374,-87,91,-1.2375971059596156,LHCII
375,0,13,-0.2855993321445266,LHCII
376,-111,48,-6.854383971468633,LHCII
377,125,90,0.0,LHCII
378,-15,-102,-0.8567979964335801,LHCII
379,-1,-57,0.09519977738150888,LHCII
380,13,9,0.6663984416705622,LHCII
381,-99,9,-0.9519977738150888,LHCII
382,-169,47,-0.09519977738150891,LHCII
383,9,-159,0.0,LHCII
384,-71,124,0.3807991095260355,LHCII
385,36,20,0.5711986642890533,LHCII
386,-44,160,-1.4279966607226335,LHCII
387,125,-105,3.522391763115831,LHCII
388,-72,-60,1.7135959928671605,LHCII
389,163,-24,-0.38079910952603546,LHCII
390,-55,117,0.0,LHCII
391,53,116,0.09519977738150874,LHCII
392,-35,108,4.188790204786393,LHCII
393,-61,96,0.0,LHCII
394,-24,-39,0.0,LHCII
395,-71,-84,0.2855993321445267,LHCII
396,-86,82,1.5231964381041425,LHCII
397,65,-76,-0.09519977738150896,LHCII
398,13,-3,7.044783526231649,LHCII
399,-135,52,0.0,LHCII
400,134,82,0.0,LHCII
401,57,24,-1.3877787807814457e-16,LHCII
402,-154,68,2.855993321445268,LHCII
403,-91,101,1.4279966607226333,LHCII
404,-39,86,-2.951193098826777,LHCII
405,41,160,0.0,LHCII
406,-57,-126,-0.09519977738150896,LHCII
407,59,-39,0.0,LHCII
408,46,139,0.0,LHCII
409,132,-49,0.0,LHCII
410,-76,86,-3.331992208352813,LHCII
411,-91,119,0.09519977738150888,LHCII
412,-111,22,3.6175915404973398,LHCII
413,-79,158,1.4279966607226333,LHCII
414,137,-68,0.0,LHCII
415,-30,-127,0.19039955476301768,LHCII
416,113,125,-1.8087957702486692,LHCII
417,111,133,-0.09519977738150885,LHCII
418,6,-10,-3.9983906500233757,LHCII
419,116,91,-0.09519977738150885,LHCII
420,-39,-128,8.326672684688674e-17,LHCII
421,128,9,0.0,LHCII
422,75,-122,0.09519977738150888,LHCII
423,-16,146,1.2375971059596156,LHCII
424,128,-117,-0.761598219052071,LHCII
425,-101,-103,0.19039955476301773,LHCII
426,-166,16,1.0471975511965976,LHCII
427,102,118,-5.71198664289053,LHCII
428,-149,52,0.0,LHCII
429,14,147,-2.189594879774705,LHCII
430,66,-47,0.1903995547630178,LHCII
431,-72,-110,-0.09519977738150891,LHCII
432,98,109,-0.09519977738150891,LHCII
433,-78,-36,-1.0471975511965976,LHCII
434,136,6,-3.9031908726418676,LHCII
435,-34,-121,1.9991953250116874,LHCII
436,69,-18,0.0,LHCII
437,-20,-109,0.0951997773815088,LHCII
438,-140,56,2.379994434537723,LHCII
439,-124,93,3.8079910952603577,LHCII
440,21,-153,0.8567979964335799,LHCII
441,11,80,7.235183080994666,LHCII
442,65,90,0.0,LHCII
443,164,41,1.1423973285781066,LHCII
444,-15,-169,0.0,LHCII
445,-40,-160,0.0,LHCII
446,-77,131,0.4759988869075443,LHCII
447,16,154,-3.046392876208286,LHCII
448,47,-123,0.9519977738150888,LHCII
449,143,-21,-0.19039955476301784,LHCII
450,65,68,0.5711986642890533,LHCII
451,-153,-23,-2.475194211919232,LHCII
452,83,-16,0.0,LHCII
453,95,83,0.0,LHCII
454,136,17,2.3799944345377235,LHCII
455,-28,-8,-0.5711986642890531,LHCII
456,-61,147,0.5711986642890533,LHCII
457,-70,100,0.0,LHCII
458,46,-7,0.3807991095260355,LHCII
459,1,-49,-0.09519977738150888,LHCII
460,20,-42,1.0471975511965976,LHCII
461,-67,-101,-2.189594879774705,LHCII
462,98,-29,2.570393989300741,LHCII
463,-16,-49,-0.9519977738150888,LHCII
464,-83,105,0.0,LHCII
465,31,-99,1.1423973285781066,LHCII
466,-14,-84,-1.9039955476301782,LHCII
467,47,-28,1.2375971059596154,LHCII
468,160,-6,0.0,LHCII
469,97,-91,1.9991953250116872,LHCII
470,67,-120,0.28559933214452676,LHCII
471,53,-68,3.9031908726418676,LHCII
472,29,160,-0.8567979964335799,LHCII
473,2,72,5.616786865509021,LHCII
474,-58,-64,-0.3807991095260354,LHCII
475,42,54,-0.47599888690754444,LHCII
476,-59,-107,-0.09519977738150888,LHCII
477,-33,-42,-1.1423973285781066,LHCII
478,84,130,0.0,LHCII
479,53,2,0.5711986642890532,LHCII
480,74,103,-0.09519977738150885,LHCII
481,12,-145,-1.9039955476301786,LHCII
482,60,-53,0.0,LHCII
483,13,-88,-1.2375971059596156,LHCII
484,-45,167,0.5711986642890532,LHCII
485,-86,-58,4.855188646456953,LHCII
486,165,-60,-0.28559933214452665,LHCII
487,-34,-166,-2.094395102393196,LHCII
488,-6,-45,2.570393989300741,LHCII
489,-63,-146,2.7755575615628914e-17,LHCII
490,131,58,0.9519977738150888,LHCII
491,-54,38,0.3807991095260356,LHCII
492,60,-149,-0.5711986642890533,LHCII
493,121,121,0.38079910952603546,LHCII
494,148,70,0.0,LHCII
495,-113,35,-3.046392876208286,LHCII
496,121,-74,-0.9519977738150888,LHCII
497,-135,9,2.570393989300741,LHCII
498,35,65,2.094395102393196,LHCII
499,-105,140,-1.5231964381041425,LHCII
500,-23,143,-0.1903995547630178,LHCII
501,14,-46,2.7755575615628914e-17,LHCII
502,-84,97,-1.9991953250116872,LHCII
503,47,-81,1.7135959928671607,LHCII
504,129,76,1.5231964381041425,LHCII
505,14,34,2.760793544063759,LHCII
506,-23,156,1.8087957702486692,LHCII
507,143,11,3.141592653589795,LHCII
508,2,-88,-0.09519977738150888,LHCII
509,77,-19,-3.046392876208286,LHCII
510,4,-141,-5.235987755982987,LHCII
511,-118,-81,-0.4759988869075443,LHCII
512,5,0,-0.7615982190520711,LHCII
513,2,-165,0.0,LHCII
514,64,-23,-0.28559933214452676,LHCII
515,57,-10,-0.47599888690754444,LHCII
516,43,-134,-7.330382858376176,LHCII
517,71,-70,4.759988869075444,LHCII
518,32,-25,1.4279966607226335,LHCII
519,-44,56,-1.1423973285781066,LHCII
520,-8,-166,-0.3807991095260355,LHCII
521,15,-61,0.0,LHCII
522,139,-51,0.0,LHCII
523,141,67,-4.093590427404885,LHCII
524,-1,3,3.2367924309713043,LHCII
525,-142,113,-1.8087957702486692,LHCII
526,-79,-63,2.284794657156214,LHCII
527,-133,103,-0.5711986642890532,LHCII
528,100,-158,6.854383971468633,LHCII
529,-148,60,0.6663984416705621,LHCII
530,-144,89,-8.326672684688674e-17,LHCII
531,44,-164,0.0,LHCII
532,-2,-73,0.5711986642890532,LHCII
533,48,111,-1.2375971059596158,LHCII
534,148,62,0.19039955476301795,LHCII
535,44,-155,-0.3807991095260356,LHCII
536,-167,7,-1.8087957702486692,LHCII
537,-26,-118,3.141592653589795,LHCII
538,-31,163,-1.7135959928671602,LHCII
539,99,-83,0.28559933214452654,LHCII
540,55,143,-1.3327968833411248,LHCII
541,10,72,-4.9503884238384614,LHCII
542,125,-32,1.1423973285781064,LHCII
543,159,9,0.0,LHCII
544,-9,47,0.0,LHCII
545,-157,31,0.0,LHCII
546,-126,-101,0.0,LHCII
547,-89,109,-2.855993321445268,LHCII
548,122,-67,1.2375971059596154,LHCII
549,95,119,1.9039955476301782,LHCII
550,-156,39,-7.806381745283718,LHCII
551,-76,94,0.951997773815089,LHCII
552,34,27,0.761598219052071,LHCII
553,-59,47,0.2855993321445267,LHCII
554,-64,75,-5.235987755982987,LHCII
555,-16,52,0.0,LHCII
556,77,153,2.094395102393196,LHCII
557,173,34,-1.6183962154856513,LHCII
558,-24,167,1.2375971059596156,LHCII
559,-27,-164,0.09519977738150888,LHCII
560,89,-68,-1.4279966607226335,LHCII
561,65,-127,3.8079910952603577,LHCII
562,-33,-155,2.094395102393196,LHCII
563,-136,-22,-3.427191985734322,LHCII
564,-60,-161,-8.326672684688674e-17,LHCII
565,96,135,0.0,LHCII
566,113,-35,2.760793544063759,LHCII
567,-48,-67,0.09519977738150888,LHCII
568,-145,-50,-2.570393989300741,LHCII
569,-98,150,-0.3807991095260356,B6F
570,132,96,1.2375971059596154,B6F
571,-133,-100,0.19039955476301762,B6F
572,-154,-14,2.379994434537723,B6F
573,0,47,2.7755575615628914e-17,B6F
574,-49,-120,-6.187985529798072,B6F
575,20,-54,0.5711986642890533,B6F
576,-69,-138,1.8087957702486692,B6F
577,-41,-50,22.562347239417676,B6F
578,-80,121,3.236792430971304,B6F
579,25,55,-11.138373953636545,B6F
580,24,-27,0.28559933214452693,B6F
581,-113,-104,0.0,B6F
582,-165,35,-8.567979964335791,B6F
583,-141,103,6.283185307179582,B6F
584,-177,45,1.0471975511965974,B6F
585,174,-39,-8.567979964335791,B6F
586,57,-30,-0.19039955476301776,B6F
587,-109,-123,-1.1423973285781066,B6F
588,74,93,2.284794657156214,B6F
589,-167,-40,-3.236792430971304,B6F
590,-34,45,6.949583748850141,B6F
591,-32,-67,9.995976625058432,B6F
592,54,-60,-1.0471975511965974,B6F
593,89,91,0.8567979964335797,B6F
594,104,-8,3.9983906500233757,B6F
595,-76,-205,0.0,PSI
596,6,-241,-0.3807991095260356,PSI
597,-186,14,0.0,PSI
598,206,-3,0.0,PSI
599,240,13,-0.9519977738150888,PSI
600,140,167,0.0,PSI
601,92,-185,0.0,PSI
602,-144,-156,0.0,PSI
603,-140,172,-1.1423973285781066,PSI
604,142,116,0.0,PSI
605,183,-7,0.0,PSI
606,64,-212,-0.1903995547630178,PSI
607,141,131,-0.6663984416705622,PSI
608,-188,82,0.0,PSI
609,-171,141,0.0,PSI
610,161,71,0.0,PSI
611,-139,-173,-1.2375971059596156,PSI
612,222,-28,-8.326672684688674e-17,PSI
613,40,-217,0.0,PSI
614,237,-45,-1.9991953250116872,PSI
615,-3,207,0.0,PSI
616,79,-174,0.0,PSI
617,-190,36,0.0,PSI
618,-177,-120,0.0,PSI
619,-86,191,0.0,PSI
620,124,133,0.0,PSI
621,-219,19,0.0,PSI
622,-192,-72,0.0,PSI
623,175,-54,0.19039955476301784,PSI
624,-182,-92,0.0,PSI
625,-62,-212,0.0,PSI
626,195,79,0.0,PSI
627,154,123,1.2375971059596156,PSI
628,-8,183,0.761598219052071,PSI
629,200,11,0.0,PSI
630,-18,209,0.3807991095260356,PSI
631,181,-79,0.0,PSI
632,-196,4,-2.094395102393196,PSI
633,-164,57,1.9039955476301784,PSI
634,-40,176,0.3807991095260355,PSI
635,196,-17,2.4751942119192325,PSI
636,127,150,-0.09519977738150891,PSI
637,-170,-85,-1.8087957702486694,PSI
638,200,-34,0.0,PSI
639,205,127,2.284794657156214,PSI
640,-122,141,-0.761598219052071,PSI
641,183,10,-1.3327968833411243,PSI
642,-222,2,-3.141592653589795,PSI
643,137,-106,9.043978851243338,PSI
644,-71,192,0.9519977738150885,PSI
645,-218,36,-0.28559933214452665,PSI
646,102,175,0.0,PSI
647,50,-203,0.0,PSI
648,-83,-187,0.0,PSI
649,108,195,0.09519977738150885,PSI
650,-164,-114,-2.189594879774705,PSI
651,-34,198,0.0,PSI
652,-8,33,-10.47197551196598,PSI
653,-179,-68,0.5711986642890531,PSI
654,-180,-2,-4.093590427404885,PSI
655,-113,-148,0.0,PSI
656,203,39,0.0,PSI
657,-93,179,0.6663984416705622,PSI
658,134,-126,-6.568784639324107,PSI
659,-173,-23,0.0,PSI
660,-38,-200,0.0,PSI
661,152,-162,0.0,PSI
662,151,82,0.3807991095260356,PSI
663,-153,110,0.0,PSI
664,208,25,-0.3807991095260355,PSI
665,118,162,3.7127913178788496,PSI
666,191,146,-0.19039955476301784,PSI
667,132,-141,1.7135959928671602,PSI
668,143,145,-2.379994434537723,PSI
669,-158,-181,-1.9991953250116872,PSI
670,173,21,2.8559933214452684,PSI
671,32,196,0.0,PSI
672,-85,-163,0.0,PSI
673,152,100,0.09519977738150888,PSI
674,-101,-218,-2.951193098826777,PSI
675,174,-139,8.326672684688674e-17,PSI
676,184,104,0.0,PSI
677,-5,223,-0.6663984416705622,PSI
678,-202,47,0.0,PSI
679,-188,-15,0.38079910952603535,PSI
680,-61,169,0.09519977738150888,PSI
681,211,-20,-0.19039955476301768,PSI
682,-89,161,-0.28559933214452665,PSI
683,-94,-175,0.0,PSI
684,-149,-141,0.8567979964335799,PSI
685,193,-54,0.0,PSI
686,177,43,0.4759988869075443,PSI
687,-65,114,3.046392876208287,PSI
688,-193,-55,-0.3807991095260355,PSI
689,-153,-105,-0.19039955476301784,PSI
690,-112,164,0.0,PSI
691,37,-185,0.0,PSI
692,196,53,0.19039955476301773,PSI
693,187,119,0.761598219052071,PSI
694,25,183,0.28559933214452665,PSI
695,151,-147,4.283989982167902,PSI
696,167,149,0.7615982190520709,PSI
697,-175,25,0.0,PSI
698,175,76,0.09519977738150888,PSI
699,150,-133,-0.8567979964335799,PSI
700,130,202,0.2855993321445266,PSI
701,53,-179,0.0,PSI
702,-78,175,1.8087957702486692,PSI
703,83,-205,0.0,PSI
704,75,-190,0.3807991095260356,PSI
705,-104,-186,0.0,PSI
706,-23,177,10.567175289347489,PSI
707,218,-43,-5.71198664289053,PSI
708,-52,-189,0.0,PSI
709,114,145,-8.282380632191263,PSI
710,-57,212,0.0,PSI
711,-38,-185,1.9991953250116872,PSI
712,141,-172,-2.094395102393196,PSI
713,-153,-70,-0.8567979964335798,PSI
714,22,-176,0.0,PSI
715,209,142,-3.236792430971304,PSI
716,131,177,-0.6663984416705622,PSI
717,206,-53,-3.522391763115831,PSI
718,139,-157,-0.6663984416705621,PSI
719,170,96,0.0,PSI
720,-155,152,0.0,PSI
721,-87,-129,-1.6183962154856515,PSI
722,-161,78,1.8087957702486694,PSI
723,-33,220,-1.1423973285781066,PSI
724,-174,110,0.0,PSI
725,5,-221,0.09519977738150888,PSI
726,-74,-151,2.284794657156214,PSI
727,-80,206,0.5711986642890532,PSI
728,110,-191,0.0,PSI
729,168,58,-3.6175915404973398,PSI
730,120,-150,3.522391763115831,PSI
731,-108,178,-1.8087957702486692,PSI
732,-3,-183,0.0,PSI
733,46,198,0.3807991095260355,PSI
734,-163,98,0.0,PSI
735,-185,-109,5.04558820121997,PSI
736,-56,194,1.9991953250116872,PSI
737,-175,91,0.19039955476301795,PSI
738,-201,20,0.0,PSI
739,193,-74,2.855993321445268,PSI
740,-21,-179,0.0,PSI
741,13,-188,1.4279966607226335,PSI
742,92,164,0.0,PSI
743,-21,194,0.2855993321445267,PSI
744,209,63,0.0,PSI
745,-179,61,2.951193098826777,PSI
746,188,-96,0.0,PSI
747,34,-163,-0.19039955476301784,PSI
748,-195,68,2.7755575615628914e-17,PSI
749,184,88,-4.283989982167902,PSI
750,232,63,-0.2855993321445263,PSI
751,-186,-30,0.8567979964335799,PSI
752,34,-238,-0.19039955476301773,PSI
753,-182,156,-0.4759988869075443,PSI
754,-24,239,1.0471975511965974,PSI
755,189,30,0.0,PSI
756,-9,-196,0.28559933214452665,PSI
757,159,180,6.473584861942599,PSI
758,-147,124,-2.951193098826778,PSI
759,175,129,6.378385084561089,PSI
760,-69,-191,-0.9519977738150888,PSI
761,-23,-196,3.331992208352813,PSI
762,63,169,0.0,PSI
763,114,213,0.8567979964335798,PSI
764,-125,-179,0.0,PSI
765,-174,-137,2.0943951023931966,PSI
766,-159,-153,0.38079910952603535,PSI
767,-210,-75,0.8567979964335799,PSI
768,-136,148,0.19039955476301773,PSI
769,221,29,-0.38079910952603535,PSI
770,211,-68,1.3877787807814457e-16,PSI
771,172,-90,0.2855993321445266,PSI
772,224,-9,-2.7755575615628914e-17,PSI
773,-15,-211,-4.188790204786393,PSI
774,218,13,-2.094395102393196,PSI
775,-137,-132,2.284794657156214,PSI
776,241,-1,-2.094395102393196,PSI
777,-212,58,0.1903995547630178,PSI
778,137,213,-2.475194211919232,PSI
779,-31,-214,-3.236792430971304,PSI
780,149,-116,-1.2375971059596154,PSI
781,-122,-115,-9.329578183387866,PSI
782,16,191,0.0,LHCII
783,141,92,-1.0471975511965976,LHCII
784,3,181,0.6663984416705622,LHCII
785,87,148,0.0,LHCII
786,191,43,-1.3327968833411246,LHCII
787,-132,-121,-1.3327968833411246,LHCII
788,54,-192,0.0,LHCII
789,-138,131,0.8567979964335799,LHCII
790,51,166,-0.09519977738150888,LHCII
791,29,-213,-0.4759988869075444,LHCII
792,130,119,-2.1895948797747056,LHCII
793,78,179,0.0,LHCII
794,-155,-123,1.8087957702486692,LHCII
795,201,89,-1.9991953250116874,LHCII
796,-164,-67,1.1423973285781064,LHCII
797,184,72,-0.8567979964335799,LHCII
798,-163,-1,-3.61759154049734,LHCII
799,-171,72,-2.379994434537723,LHCII
800,2,-173,0.1903995547630178,LHCII
801,-125,-158,0.0,LHCII
802,160,-109,-1.5231964381041423,LHCII
803,167,84,-1.5231964381041425,LHCII
804,-194,-38,-0.5711986642890533,LHCII
805,20,-163,-0.5711986642890532,LHCII
806,-168,-50,0.09519977738150891,LHCII
807,93,181,0.0,LHCII
808,55,177,0.0,LHCII
809,-199,-11,0.761598219052071,LHCII
810,213,37,0.8567979964335799,LHCII
811,-67,-165,0.0,LHCII
812,-118,-136,-0.19039955476301776,LHCII
813,215,54,0.0,LHCII
814,-48,-179,0.28559933214452665,LHCII
815,-77,-224,1.2375971059596156,LHCII
816,-123,160,0.0,LHCII
817,57,186,-0.6663984416705622,LHCII
818,-213,78,0.0,LHCII
819,39,-199,-0.19039955476301784,LHCII
820,211,-81,-0.28559933214452665,LHCII
821,-204,-60,1.7135959928671602,LHCII
822,156,-94,0.0,LHCII
823,-31,-174,-0.19039955476301784,LHCII
824,159,-125,-2.094395102393196,LHCII
825,148,184,-0.09519977738150885,LHCII
826,212,44,2.475194211919232,LHCII
827,139,191,1.5231964381041423,LHCII
828,59,-199,1.0471975511965976,LHCII
829,215,1,0.0,LHCII
830,194,0,1.2375971059596154,LHCII
831,-175,79,-1.0471975511965976,LHCII
832,-215,101,-0.09519977738150896,LHCII
833,79,-160,0.0,LHCII
834,-5,-217,0.38079910952603546,LHCII
835,-140,-105,-2.379994434537723,LHCII
836,193,19,-1.5231964381041425,LHCII
837,-122,-93,-0.9519977738150888,LHCII
838,-182,-57,2.66559376668225,LHCII
839,-164,67,1.4279966607226335,LHCII
840,4,214,0.38079910952603524,LHCII
841,45,-173,-0.9519977738150888,LHCII
842,172,4,-3.522391763115831,LHCII
843,68,-201,1.8087957702486692,LHCII
844,-172,-57,0.0,LHCII
845,180,54,-0.7615982190520709,LHCII
846,212,-32,4.569589314312427,LHCII
847,102,-183,0.19039955476301784,LHCII
848,113,-85,-3.9031908726418667,LHCII
849,159,112,0.0,LHCII
850,-151,97,0.6663984416705622,LHCII
851,15,175,3.427191985734322,LHCII
852,-106,153,-0.9519977738150888,LHCII
853,225,75,-1.3327968833411246,LHCII
854,162,103,0.09519977738150896,LHCII
855,-11,199,-1.5231964381041425,LHCII
856,-172,-101,0.0,LHCII
857,-113,-160,-0.5711986642890532,LHCII
858,-34,185,-0.3807991095260356,LHCII
859,-186,-126,0.6663984416705621,LHCII
860,35,208,-0.09519977738150888,LHCII
861,9,191,-2.379994434537723,LHCII
862,167,-46,-1.8087957702486694,LHCII
863,-151,-130,0.9519977738150888,LHCII
864,-142,-189,0.6663984416705622,LHCII
865,26,220,0.0,LHCII
866,-60,-197,-1.3327968833411246,LHCII
867,-45,201,-0.3807991095260356,LHCII
868,35,178,0.4759988869075443,LHCII
869,10,-174,0.0,LHCII
870,13,-201,3.141592653589795,LHCII
871,-181,-41,0.761598219052071,LHCII
872,170,-69,0.0,LHCII
873,-139,-118,-0.6663984416705621,LHCII
874,-180,122,0.0,LHCII
875,-103,201,0.28559933214452665,LHCII
876,-75,-165,-0.1903995547630178,LHCII
877,183,-67,-0.2855993321445267,LHCII
878,-161,116,-1.0471975511965976,LHCII
879,-207,3,-8.326672684688674e-17,LHCII
880,190,-27,3.141592653589795,LHCII
881,-108,190,0.8567979964335799,LHCII
882,-94,-191,-0.2855993321445267,LHCII
883,163,138,0.5711986642890533,LHCII
884,84,138,1.8087957702486692,LHCII
885,-115,-168,0.0,LHCII
886,209,83,0.0,LHCII
887,112,-179,-1.4279966607226333,LHCII
888,154,139,0.0,LHCII
889,155,-66,-0.8567979964335799,LHCII
890,72,-225,-1.2375971059596154,LHCII
891,45,-192,-0.9519977738150888,LHCII
892,-196,-84,-3.522391763115831,LHCII
893,231,47,-0.47599888690754444,LHCII
894,-63,137,-0.6663984416705622,LHCII
895,-120,184,-0.09519977738150885,LHCII
896,99,-165,-0.38079910952603546,LHCII
897,-202,-42,0.0,LHCII
898,-155,89,-1.0471975511965974,LHCII
899,198,67,0.09519977738150891,LHCII
900,112,-157,0.3807991095260355,LHCII
901,77,171,0.0,LHCII
902,222,41,1.5231964381041425,LHCII
903,-72,163,-4.37918975954941,LHCII
904,182,-24,1.6183962154856515,LHCII
905,-3,-208,-0.09519977738150891,LHCII
906,-65,-179,0.09519977738150888,LHCII
907,214,74,-3.331992208352813,LHCII
908,133,140,1.9039955476301782,LHCII
909,70,-168,0.3807991095260355,LHCII
910,-159,123,-0.09519977738150891,LHCII
911,181,151,1.4279966607226335,LHCII
912,-171,122,-1.2375971059596154,LHCII
913,-110,198,0.5711986642890533,LHCII
914,-165,-98,-3.141592653589795,LHCII
915,-88,-204,0.0,LHCII
916,-198,92,0.0,LHCII
917,-116,190,0.0,LHCII
918,-175,11,-1.5231964381041423,LHCII
919,104,128,0.2855993321445266,LHCII
920,-96,169,1.0471975511965979,LHCII
921,206,75,4.188790204786393,LHCII
922,129,-162,4.093590427404885,LHCII
923,-41,-219,7.901581522665227,LHCII
924,156,42,0.5711986642890535,LHCII
925,73,164,0.2855993321445266,LHCII
926,-96,202,0.5711986642890533,LHCII
927,-167,-125,0.0,LHCII
928,-205,-50,0.8567979964335799,LHCII
929,144,-94,0.09519977738150885,LHCII
930,34,-204,-3.236792430971304,LHCII
931,87,207,0.0,LHCII
932,-208,91,0.0,LHCII
933,-132,-165,1.8087957702486694,LHCII
934,-66,217,-1.0471975511965976,LHCII
935,171,-11,-0.09519977738150896,LHCII
936,157,58,-2.951193098826777,LHCII
937,52,206,0.47599888690754444,LHCII
938,26,-189,-2.855993321445268,LHCII
939,-155,-165,-0.19039955476301773,LHCII
940,219,-57,-0.09519977738150888,LHCII
941,109,157,0.09519977738150888,LHCII
942,12,-209,2.284794657156214,LHCII
943,181,64,5.04558820121997,LHCII
944,-204,73,5.71198664289053,LHCII
945,-144,-112,-0.4759988869075442,LHCII
946,0,192,0.3807991095260355,LHCII
947,-182,100,0.951997773815089,LHCII
948,-99,-161,0.0,LHCII
949,152,-6,-5.235987755982987,LHCII
950,-198,-104,0.0,LHCII
951,30,-197,2.855993321445268,LHCII
952,-171,-148,-2.760793544063759,LHCII
953,-186,-146,0.5711986642890531,LHCII
954,163,-70,3.522391763115831,LHCII
955,-54,-220,-3.9031908726418667,LHCII
956,-60,181,-0.19039955476301776,LHCII
957,64,-229,0.8567979964335799,LHCII
958,-154,46,0.6663984416705622,LHCII
959,187,-127,-0.2855993321445266,LHCII
960,-54,160,4.664789091693936,LHCII
961,-42,187,7.425582635757684,LHCII
962,119,-163,0.0,LHCII
963,185,-35,0.0,LHCII
964,191,67,-3.9983906500233757,LHCII
965,-107,212,-0.761598219052071,LHCII
966,192,-42,1.0471975511965974,LHCII
967,-150,29,-0.7615982190520707,LHCII
968,-53,183,-0.6663984416705621,LHCII
969,183,-111,0.0,LHCII
970,81,187,-0.28559933214452665,LHCII
971,-199,-128,-0.09519977738150896,LHCII
972,-181,-79,1.3327968833411243,LHCII
973,-51,174,2.76079354406376,LHCII
974,-69,208,2.379994434537723,LHCII
975,-204,33,0.09519977738150869,LHCII
976,-126,-127,0.09519977738150888,LHCII
977,-158,-95,2.760793544063759,LHCII
978,-29,209,1.2375971059596156,LHCII
979,-179,-48,0.0,LHCII
980,-109,-130,-1.4279966607226335,LHCII
981,-186,52,-0.2855993321445266,LHCII
982,-123,-168,0.5711986642890533,LHCII
983,159,87,-0.2855993321445263,LHCII
984,7,221,0.0,LHCII
985,94,150,-0.3807991095260355,LHCII
986,93,-160,-1.7135959928671605,LHCII
987,171,118,-0.8567979964335799,LHCII
988,193,108,-0.5711986642890533,LHCII
989,186,-147,-3.7127913178788488,LHCII
990,-19,221,-1.5231964381041423,LHCII
991,195,-104,-2.7755575615628914e-17,LHCII
992,64,217,0.19039955476301776,LHCII
993,-124,176,-1.6183962154856504,B6F
994,-188,-153,7.806381745283718,B6F
995,45,185,-0.6663984416705621,B6F
996,-210,10,-6.759184194087124,B6F
997,197,97,-0.38079910952603535,B6F
998,232,-59,-7.330382858376176,B6F
999,174,110,-22.752746794180695,B6F
1000,4,-196,-1.5231964381041423,B6F
1001,59,194,1.6183962154856513,B6F
1002,152,160,-1.9039955476301784,B6F
1003,237,27,-14.279966607226356,B6F
1004,-193,53,-5.71198664289053,B6F
1005,100,-174,1.5231964381041423,B6F
1006,126,-58,-4.569589314312427,B6F
1007,152,-101,-5.04558820121997,B6F
1008,88,-166,1.3327968833411246,B6F
1009,143,-1,5.5215870881275135,B6F
1010,168,-116,3.9983906500233766,B6F
1011,-201,-31,-0.2855993321445268,B6F
1012,93,-200,0.4759988869075444,B6F
1013,218,125,-3.8079910952603577,B6F
1014,-116,152,1.1423973285781066,B6F
1015,64,-185,3.141592653589796,B6F
1016,-211,-39,3.6175915404973398,B6F
1017,-219,-12,-5.235987755982987,B6F
1018,-125,-138,6.663984416705616,B6F
1019,188,59,-0.3807991095260355,ATP
1020,-210,69,-0.28559933214452665,ATP
1021,-184,94,3.427191985734322,ATP
1022,83,-153,-0.47599888690754455,ATP
1023,151,15,-7.806381745283717,ATP
1024,-168,130,0.09519977738150888,ATP
1025,192,-111,0.09519977738150891,ATP
1026,-160,-53,-2.7755575615628914e-17,ATP
1027,-193,25,4.569589314312427,ATP
1028,-152,-52,1.6183962154856515,ATP
1029,133,159,1.4279966607226335,ATP
1030,150,-89,-0.9519977738150888,ATP
1031,-119,-99,2.9511930988267774,ATP
1032,45,176,0.19039955476301784,ATP
1033,22,173,-1.2375971059596156,ATP
1034,180,-103,-0.5711986642890532,ATP
1035,-213,-49,-1.3327968833411246,ATP
1036,-210,25,2.475194211919232,ATP
1037,194,-87,-0.3807991095260355,ATP
1038,-156,53,-0.19039955476301784,ATP
1039,197,24,0.09519977738150891,ATP
1040,185,48,0.7615982190520708,ATP
1041,100,157,0.1903995547630178,ATP
1042,161,-157,-0.8567979964335799,ATP
1043,176,-16,-6.187985529798072,ATP
1044,86,-194,4.474389536930919,ATP
1045,-223,-41,0.0,ATP
1046,113,-166,-2.855993321445268,ATP
1047,194,-7,-0.47599888690754444,ATP
1048,90,-218,-1.1423973285781066,ATP
1049,-183,115,-0.09519977738150891,ATP
1050,25,202,0.0,ATP
1051,-99,159,1.3327968833411246,ATP
1052,127,187,0.09519977738150891,ATP
1053,162,-138,1.2375971059596156,ATP
1054,-185,107,1.9991953250116872,ATP
1055,-127,151,0.761598219052071,ATP
1056,-27,-224,-0.4759988869075442,ATP
1057,125,-133,0.9519977738150888,ATP
1058,103,147,-3.7127913178788488,ATP
1059,60,-167,0.0,ATP
1060,124,-185,0.0,ATP
1061,-204,84,-0.09519977738150888,ATP
1062,141,82,-2.66559376668225,ATP
1063,-142,140,2.951193098826777,ATP
1064,210,7,0.9519977738150885,ATP
1065,-67,179,1.1423973285781066,ATP
1066,-203,-17,0.0,ATP
1067,131,-173,3.9983906500233757,ATP
1068,77,195,0.0,ATP
1069,89,176,1.2375971059596154,ATP
1070,15,184,1.4279966607226335,ATP
1071,-129,159,2.855993321445268,ATP
1072,-52,-202,3.7127913178788488,ATP
1073,-107,-198,0.09519977738150888,ATP
1074,-159,-129,-0.761598219052071,ATP
1075,-146,153,0.19039955476301776,ATP
1076,107,166,-0.09519977738150888,ATP
1077,77,137,0.5711986642890533,ATP
1078,90,-174,-0.9519977738150885,ATP
1079,162,-131,-0.2855993321445267,ATP
1080,20,-196,-0.8567979964335799,ATP
1081,-206,-12,0.09519977738150888,ATP
1082,35,-174,2.379994434537723,ATP
1083,-179,37,2.189594879774705,ATP
1084,-156,131,-1.6183962154856515,ATP
1085,28,209,0.9519977738150888,ATP
1086,132,-181,2.7755575615628914e-17,ATP
1087,205,96,-6.7591841940871245,ATP
1088,-36,233,0.3807991095260356,ATP
1089,117,-171,0.0,ATP
1090,-57,154,-1.3327968833411246,ATP
1091,160,160,0.28559933214452665,ATP
1092,207,51,0.19039955476301773,ATP
1093,-63,201,-13.232769056029753,ATP
1094,-135,62,-1.9991953250116872,ATP
1095,4,197,1.6183962154856513,ATP
1096,-104,117,-1.4279966607226338,ATP
1097,120,-176,0.09519977738150891,ATP
1098,-39,-171,-1.3327968833411243,ATP
1099,-151,168,0.47599888690754427,ATP
1100,-227,-6,-1.5231964381041425,ATP
1101,173,-103,-0.09519977738150896,ATP
1102,-181,73,-2.951193098826777,ATP
1103,-190,94,-3.046392876208286,ATP
1104,161,-151,0.28559933214452665,ATP
1105,18,-207,1.0471975511965976,ATP
1106,10,198,-2.7755575615628914e-17,ATP
1107,-12,-178,0.9519977738150885,ATP
1108,200,106,4.283989982167902,ATP
1109,64,-195,1.4279966607226338,ATP
1110,-178,-12,1.8087957702486692,ATP
1111,43,169,0.09519977738150896,ATP
1112,106,-162,-0.09519977738150896,ATP
1113,119,-183,-3.236792430971304,ATP
1114,-219,-23,-0.19039955476301768,ATP
1115,221,82,-1.5231964381041423,ATP
1116,129,-67,-5.426387310746004,ATP
1117,-190,122,0.0,ATP
1118,62,-159,-0.4759988869075444,ATP
1119,-134,137,-0.5711986642890533,ATP
1120,-167,151,1.8087957702486694,ATP
1121,26,-207,1.6183962154856513,ATP
1122,121,-192,-4.474389536930919,ATP
1123,75,-211,0.2855993321445267,ATP
1124,-150,-117,0.19039955476301773,ATP
1125,-15,-188,3.141592653589795,ATP
1126,-198,-23,0.8567979964335799,ATP
1127,13,217,-0.09519977738150891,ATP
1128,7,203,-0.09519977738150896,ATP
1129,163,-52,-3.9983906500233757,ATP
1130,137,74,3.7127913178788488,ATP
1131,124,-169,-0.666398441670562,ATP
1132,247,-52,1.0471975511965976,ATP
1133,-95,195,-0.666398441670562,ATP
1134,-165,-142,0.1903995547630178,ATP
1135,-87,220,-2.2847946571562145,ATP
1136,226,18,-6.568784639324107,ATP
1137,139,-61,4.9503884238384614,ATP
1138,-135,161,-8.326672684688674e-17,ATP
1139,61,-173,11.614372840544092,ATP
1140,68,-175,4.283989982167902,ATP
1141,84,170,-1.3327968833411246,ATP
1142,-187,-82,-0.09519977738150896,ATP
1143,52,-168,-0.19039955476301784,ATP
1144,86,-222,1.4279966607226333,ATP
1145,150,-47,-0.761598219052071,ATP
1146,98,24,1.8087957702486697,ATP
1147,215,97,4.188790204786393,ATP
1148,251,-1,-1.9039955476301782,ATP
1149,197,113,-1.9991953250116872,ATP
1150,-94,-140,-0.8567979964335797,PSII_mono
1151,47,212,1.6183962154856513,PSII_mono
1152,17,210,0.8567979964335799,PSII_mono
1153,168,167,-0.28559933214452693,PSII_mono
1154,164,-102,0.09519977738150902,PSII_mono
1155,123,1,1.3327968833411243,PSII_mono
1156,-210,-23,0.09519977738150888,PSII_mono
1157,103,218,1.2375971059596156,PSII_mono
1158,240,-14,-4.474389536930919,PSII_mono
1159,22,237,1.6183962154856513,PSII_mono
1160,67,110,-7.901581522665227,PSII_mono
1161,-130,184,0.9519977738150888,PSII_mono
1162,-237,17,-1.5231964381041425,PSII_mono
1163,236,38,0.28559933214452665,PSII_mono
1164,-248,16,-2.284794657156214,PSII_mono
1165,31,241,5.426387310746004,PSII_mono
