,x,y,theta,Ptype
0,-39,15,-0.19039955476301768,C2S2M2
1,-61,66,0.9519977738150888,C2S2M2
2,-83,-51,2.951193098826777,C2S2M2
3,-58,-104,0.6663984416705621,C2S2M2
4,29,31,-0.8567979964335799,C2S2M2
5,-73,-143,0.5711986642890532,C2S2M2
6,39,-89,-0.3807991095260356,C2S2M2
7,86,128,-0.9519977738150888,C2S2M2
8,-79,-122,3.7127913178788488,C2S2M2
9,38,147,-0.5711986642890533,C2S2M2
10,-89,-29,-0.2855993321445267,C2S2M2
11,-51,-124,0.5711986642890533,C2S2M2
12,129,52,-0.2855993321445267,C2S2M2
13,4,-138,-0.38079910952603546,C2S2M2
14,24,-23,1.5231964381041423,C2S2M2
15,135,99,-0.8567979964335799,C2S2M2
16,92,-3,-2.284794657156214,C2S2M2
17,-127,11,-0.28559933214452654,C2S2M2
18,107,95,0.19039955476301784,C2S2M2
19,36,-131,0.5711986642890533,C2S2M2
20,95,-83,1.0471975511965976,C2S2M2
21,150,-17,0.2855993321445267,C2S2M2
22,-51,-44,-0.8567979964335798,C2S2M2
23,15,126,1.6183962154856513,C2S2M2
24,124,-97,2.66559376668225,C2S2M2
25,149,74,0.951997773815089,C2S2M2
26,-79,18,1.3327968833411246,C2S2M2
27,129,31,-0.47599888690754444,C2S2M2
28,-134,-57,1.9039955476301784,C2S2M2
29,10,-90,0.6663984416705622,C2S2M2
30,55,74,-1.5231964381041425,C2S2M2
31,-156,-14,-0.5711986642890533,C2S2M2
32,57,-70,-0.761598219052071,C2S2M2
33,141,6,1.8087957702486697,C2S2M2
34,-21,98,-0.6663984416705622,C2S2M2
35,-38,146,1.3327968833411246,C2S2M2
36,56,122,0.47599888690754444,C2S2M2
37,-117,39,-2.284794657156214,C2S2M2
38,-82,69,0.761598219052071,C2S2M2
39,41,-154,0.28559933214452654,C2S2
40,-96,-112,1.3327968833411243,C2S2
41,-116,-86,1.5231964381041425,C2S2
42,-87,119,0.3807991095260356,C2S2
43,-40,112,-1.7135959928671605,C2S2
44,-155,-33,0.19039955476301784,C2S2
45,111,117,10.662375066728996,C2S2
46,45,8,2.094395102393196,C2S2
47,125,-23,0.09519977738150896,C2S2
48,23,-56,-3.046392876208286,C2S2
49,-61,31,-0.09519977738150885,C2S2
50,81,107,-3.4271919857343227,C2S2
51,69,-155,1.2375971059596156,C2S2
52,65,2,-3.522391763115831,C2S2
53,77,-29,2.284794657156214,C2S2
54,89,-53,1.7135959928671605,C2S2
55,-13,-152,-0.2855993321445267,C2S2
56,79,86,0.8567979964335799,C2S2
57,89,43,1.1423973285781064,C2S2
58,-50,91,-2.379994434537723,C2S2
59,-5,77,1.1423973285781066,C2S2
60,-17,126,0.09519977738150902,C2S2
61,-38,-63,-2.570393989300741,C2S2
62,-139,43,0.8567979964335799,C2S2
63,17,59,-5.04558820121997,C2S2
64,46,-16,0.47599888690754444,C2S2
65,-60,123,7.520782413139191,C2S2
66,77,-132,1.2375971059596158,C2S2
67,52,-45,2.7755575615628914e-17,C2S2
68,13,-158,-1.9039955476301782,C2S2
69,167,13,-4.759988869075444,C2S2
70,32,-109,-1.9039955476301782,C2S2
71,-4,-24,0.4759988869075443,C2S2
72,-67,156,8.75837951909881,C2S2
73,-74,93,12.090371727451638,C2S2
74,-112,-51,0.28559933214452676,C2S2
75,-93,136,0.6663984416705621,C2S2
76,117,-71,-4.0935904274048855,C2S2
77,-123,65,-4.37918975954941,C2S2
78,-123,-27,4.37918975954941,B6F
79,-31,-124,2.189594879774705,B6F
80,-102,83,0.2855993321445265,B6F
81,-109,-25,1.6183962154856517,B6F
82,-15,-100,15.517563713185979,B6F
83,-83,-4,4.283989982167902,B6F
84,-8,-52,3.331992208352813,B6F
85,45,-142,-3.046392876208286,B6F
86,53,-107,-1.0471975511965979,B6F
87,-44,-8,-2.189594879774705,B6F
88,122,4,1.9991953250116872,B6F
89,18,-108,-0.190399554763018,B6F
90,71,-59,-1.047197551196597,B6F
91,12,97,-4.093590427404885,B6F
92,94,20,-1.7135959928671602,B6F
93,-18,-125,-2.760793544063759,B6F
94,-59,109,1.9991953250116876,B6F
95,-48,46,6.854383971468633,B6F
96,-117,-36,-0.47599888690754466,B6F
97,63,102,-1.3877787807814457e-16,B6F
98,-68,-92,-10.37677573458447,B6F
99,161,-27,-0.09519977738150918,B6F
100,80,-76,7.996781300046735,B6F
101,-44,66,3.331992208352813,B6F
102,-33,-77,-5.235987755982987,B6F
103,123,-6,-0.2855993321445268,B6F
104,136,-85,-7.996781300046735,LHCII
105,-118,-109,3.6175915404973398,LHCII
106,16,15,-1.4279966607226333,LHCII
107,-129,-1,5.1407879786014785,LHCII
108,49,46,1.1423973285781064,LHCII
109,43,-59,-2.855993321445268,LHCII
110,-9,62,-0.7615982190520707,LHCII
111,-23,-41,-0.28559933214452676,LHCII
112,-21,-10,2.475194211919232,LHCII
113,169,-19,10.37677573458447,LHCII
114,-25,-75,-6.663984416705615,LHCII
115,76,60,-9.805577070295413,LHCII
116,66,-97,10.567175289347489,LHCII
117,10,2,-1.1423973285781068,LHCII
118,-20,-34,1.7135959928671602,LHCII
119,111,-126,6.378385084561089,LHCII
120,129,-69,-1.0471975511965979,LHCII
121,-49,57,-2.66559376668225,LHCII
122,-116,92,-8.091981077428244,LHCII
123,128,-85,-8.472780186954282,LHCII
124,10,-8,-3.8079910952603577,LHCII
125,-152,-48,1.7135959928671602,LHCII
126,-33,-109,2.189594879774705,LHCII
127,-35,74,0.4759988869075442,LHCII
128,-106,-16,3.6175915404973398,LHCII
129,105,19,-2.379994434537722,LHCII
130,-40,47,2.094395102393196,LHCII
131,-98,45,-7.615982190520701,LHCII
132,-151,19,4.283989982167902,LHCII
133,3,-150,2.475194211919232,LHCII
134,-107,-64,4.093590427404885,LHCII
135,-9,0,-3.1415926535897944,LHCII
136,109,82,-0.19039955476301762,LHCII
137,127,118,3.046392876208286,LHCII
138,75,-66,4.37918975954941,LHCII
139,100,-115,-0.2855993321445265,LHCII
140,-57,-82,-7.04478352623165,LHCII
141,133,-47,-0.09519977738150857,LHCII
142,70,35,11.233573731018055,LHCII
143,-66,139,9.900776847676923,LHCII
144,-123,103,1.9039955476301786,LHCII
145,-110,108,0.38079910952603535,LHCII
146,-149,29,3.141592653589795,LHCII
147,69,95,5.331187533364496,LHCII
148,-65,16,-6.5687846393241065,LHCII
149,90,-120,1.8087957702486692,LHCII
150,-30,-92,-3.522391763115831,LHCII
151,140,-43,0.09519977738150918,LHCII
152,-79,36,-3.8079910952603577,LHCII
153,-64,99,0.6663984416705624,LHCII
154,-56,44,-3.522391763115831,LHCII
155,20,74,8.377580409572772,LHCII
156,14,81,-0.2855993321445265,LHCII
157,-43,-150,3.8079910952603577,LHCII
158,-82,-16,1.4279966607226333,LHCII
159,-76,-96,-2.760793544063759,LHCII
160,-41,-103,7.04478352623165,LHCII
161,83,-141,-0.38079910952603535,LHCII
162,98,-63,-3.522391763115831,LHCII
163,23,-143,-4.093590427404885,LHCII
164,-92,-92,-4.569589314312427,LHCII
165,115,76,6.473584861942598,LHCII
166,46,35,1.1423973285781068,LHCII
167,103,65,1.0471975511965974,LHCII
168,-7,150,-2.094395102393196,LHCII
169,-47,-84,0.09519977738150874,LHCII
170,2,124,-2.094395102393196,LHCII
171,37,118,0.47599888690754466,LHCII
172,43,51,1.5231964381041423,LHCII
173,70,53,1.8087957702486692,LHCII
174,-25,-105,1.7135959928671602,LHCII
175,10,19,4.664789091693936,LHCII
176,27,134,6.187985529798072,LHCII
177,86,-111,-2.5703939893007415,LHCII
178,-17,82,7.996781300046735,LHCII
179,-123,161,0.09519977738150902,LHCII
180,-118,-4,2.189594879774705,LHCII
181,41,-77,-9.995976625058432,LHCII
182,-19,-110,-2.094395102393196,LHCII
183,74,-98,-1.1423973285781064,LHCII
184,62,-87,-4.283989982167902,LHCII
185,-116,-18,-0.9519977738150885,LHCII
186,149,-70,-6.949583748850141,LHCII
187,104,55,-3.7127913178788488,LHCII
188,-98,-7,-5.426387310746005,LHCII
189,67,-34,2.855993321445268,LHCII
190,-130,-89,3.9031908726418667,LHCII
191,160,-50,3.046392876208286,LHCII
192,-103,32,2.760793544063759,LHCII
193,-21,141,0.28559933214452693,LHCII
194,64,-17,-2.284794657156213,LHCII
195,-41,57,-0.666398441670562,LHCII
196,153,-78,2.951193098826777,LHCII
197,91,-24,0.19039955476301762,LHCII
198,90,-135,10.662375066728998,LHCII
199,-126,23,7.901581522665226,LHCII
200,-19,-60,1.3327968833411243,LHCII
201,-104,-99,-1.7135959928671607,LHCII
202,73,-82,-1.8087957702486692,LHCII
203,62,-144,-0.4759988869075441,LHCII
204,119,-35,-3.141592653589795,LHCII
205,31,81,0.7615982190520708,LHCII
206,126,85,2.8559933214452684,LHCII
207,-15,146,6.9495837488501415,LHCII
208,34,-47,-1.9991953250116876,LHCII
209,180,-58,2.3799944345377235,LHCII
210,103,-28,5.235987755982987,LHCII
211,73,43,7.806381745283718,LHCII
212,-11,-116,11.99517195007013,LHCII
213,128,-113,2.5703939893007415,LHCII
214,-33,34,-5.04558820121997,LHCII
215,42,89,-3.141592653589795,LHCII
216,9,159,-5.807186420272039,LHCII
217,150,42,-0.47599888690754466,LHCII
218,48,-116,3.9031908726418667,LHCII
219,6,-111,0.19039955476301762,LHCII
220,-77,45,5.711986642890531,LHCII
221,126,-47,2.570393989300742,LHCII
222,98,-35,2.570393989300741,LHCII
223,-33,-117,3.331992208352813,LHCII
224,-5,22,2.6655937666822505,LHCII
225,102,-54,-1.0471975511965979,LHCII
226,-84,-86,-0.951997773815089,LHCII
227,56,29,-7.901581522665227,LHCII
228,-27,-155,5.807186420272038,LHCII
229,-52,2,-3.7127913178788488,LHCII
230,-45,-74,-3.046392876208286,LHCII
231,25,100,-0.19039955476301745,LHCII
232,58,-95,-1.3327968833411248,LHCII
233,-129,-10,9.329578183387866,LHCII
234,-74,-11,-0.5711986642890531,LHCII
235,-20,153,9.805577070295413,LHCII
236,20,-99,-5.331187533364496,LHCII
237,-117,-121,-1.6183962154856513,LHCII
238,-10,-8,-1.2375971059596154,LHCII
239,-130,-74,-1.8087957702486692,LHCII
240,-31,165,2.284794657156214,LHCII
241,150,-55,5.045588201219971,LHCII
242,54,54,3.617591540497339,LHCII
243,-136,-31,-2.66559376668225,LHCII
244,9,104,0.6663984416705624,LHCII
245,5,24,1.6183962154856513,LHCII
246,35,-73,-3.6175915404973398,LHCII
247,38,-28,7.139983303613159,LHCII
248,-33,-7,1.0471975511965974,LHCII
249,-74,-2,4.474389536930919,LHCII
250,-42,2,-7.615982190520701,LHCII
251,-140,79,-7.520782413139193,LHCII
252,77,146,-3.3319922083528133,LHCII
253,1,101,1.6183962154856513,LHCII
254,136,-65,-0.28559933214452676,LHCII
255,63,-115,-2.9511930988267774,LHCII
256,-147,53,-3.9983906500233757,LHCII
257,60,91,-1.4279966607226333,LHCII
258,111,-53,-2.2847946571562145,LHCII
259,56,154,15.041564826278432,LHCII
260,-120,83,-1.9991953250116872,LHCII
261,-61,-76,1.6183962154856513,LHCII
262,-171,24,-3.0463928762082864,LHCII
263,-93,-79,-5.426387310746004,LHCII
264,-14,138,6.9495837488501415,LHCII
265,113,-46,4.093590427404885,LHCII
266,-89,-9,-3.236792430971304,LHCII
267,-133,92,7.711181967902209,LHCII
268,-84,-95,2.1895948797747056,LHCII
269,-158,76,1.9039955476301786,LHCII
270,42,42,-4.664789091693936,LHCII
271,111,-12,4.759988869075445,LHCII
272,99,-21,-4.188790204786393,LHCII
273,-35,-24,2.855993321445268,LHCII
274,-130,-40,-6.092785752416564,LHCII
275,12,-125,-0.19039955476301762,LHCII
276,71,-120,-6.854383971468632,LHCII
277,80,53,-4.664789091693936,LHCII
278,63,56,-1.6183962154856517,LHCII
279,-120,-72,3.236792430971304,LHCII
280,23,12,-3.7127913178788488,LHCII
281,-96,-127,1.5231964381041423,LHCII
282,-16,45,-3.141592653589795,LHCII
283,148,49,-3.9031908726418667,LHCII
284,-102,-81,0.09519977738150869,LHCII
285,-3,-168,-2.284794657156214,LHCII
286,122,111,-0.38079910952603535,LHCII
287,-65,-81,-1.6183962154856513,LHCII
288,64,-124,-2.4751942119192325,LHCII
289,70,139,4.283989982167902,LHCII
290,-25,-84,0.09519977738150857,LHCII
291,-9,-79,-8.85357929648032,LHCII
292,-73,128,1.4279966607226333,LHCII
293,-32,-100,-2.379994434537723,LHCII
294,45,-167,5.616786865509021,LHCII
295,-146,74,2.951193098826778,LHCII
296,47,59,5.902386197653547,LHCII
297,-88,-70,1.0471975511965979,LHCII
298,63,112,-7.996781300046734,LHCII
299,38,107,1.0471975511965974,LHCII
300,-26,-114,5.616786865509022,LHCII
301,-136,-5,2.951193098826777,LHCII
302,77,-113,6.5687846393241065,LHCII
303,-99,70,-1.9039955476301782,LHCII
304,54,98,3.236792430971304,LHCII
305,-22,-17,-6.854383971468633,LHCII
306,-143,64,0.666398441670562,LHCII
307,86,58,-4.855188646456953,LHCII
308,19,108,1.9039955476301782,LHCII
309,57,43,11.804772395307111,LHCII
310,-107,92,3.7127913178788488,LHCII
311,33,4,2.0943951023931966,LHCII
312,83,27,-5.71198664289053,LHCII
313,-128,-102,1.7135959928671602,LHCII
314,-70,-76,-0.6663984416705623,LHCII
315,-164,5,0.19039955476301718,LHCII
316,85,-97,-3.7127913178788488,LHCII
317,-2,-6,-5.807186420272038,LHCII
318,10,36,1.9039955476301782,LHCII
319,75,14,4.759988869075444,LHCII
320,6,-71,-3.141592653589795,LHCII
321,97,-140,-4.569589314312427,LHCII
322,-35,67,3.6175915404973398,LHCII
323,58,-36,7.996781300046735,LHCII
324,-142,-73,6.5687846393241065,LHCII
325,146,-101,3.427191985734322,LHCII
326,-107,-4,-2.1895948797747056,LHCII
327,-74,-84,3.141592653589795,LHCII
328,0,17,2.1895948797747056,LHCII
329,108,29,3.046392876208286,LHCII
330,-138,-82,-0.8567979964335797,LHCII
331,78,22,3.1415926535897953,LHCII
332,-71,-29,-4.759988869075444,LHCII
333,-14,-65,6.378385084561089,LHCII
334,140,-75,13.23276905602975,LHCII
335,73,-106,-10.567175289347489,LHCII
336,-17,64,5.71198664289053,LHCII
337,84,18,-7.615982190520701,LHCII
338,60,21,0.951997773815089,LHCII
339,-41,127,-0.6663984416705632,LHCII
340,-1,3,-1.5231964381041423,LHCII
341,-7,107,-5.71198664289053,LHCII
342,-13,20,-2.189594879774705,LHCII
343,-138,-23,-2.855993321445268,LHCII
344,1,58,7.615982190520701,LHCII
345,88,68,1.5231964381041423,LHCII
346,-13,111,-0.5711986642890534,LHCII
347,30,125,-0.19039955476301806,LHCII
348,1,38,-0.19039955476301745,LHCII
349,33,13,-12.280771282214658,LHCII
350,-48,79,12.756770169122207,LHCII
351,53,-126,-2.570393989300741,LHCII
352,-74,56,-1.6183962154856504,LHCII
353,109,-118,-1.9039955476301786,LHCII
354,42,73,3.7127913178788488,LHCII
355,71,70,5.902386197653546,LHCII
356,77,-51,3.7127913178788488,LHCII
357,123,68,4.474389536930919,LHCII
358,-23,-135,4.855188646456953,LHCII
359,-5,142,-0.7615982190520713,LHCII
360,-23,161,-3.6175915404973398,LHCII
361,108,-107,4.474389536930919,LHCII
362,-64,-67,1.3327968833411248,LHCII
363,56,-133,-1.6183962154856513,LHCII
364,79,71,0.9519977738150885,LHCII
365,23,-74,-3.9983906500233757,LHCII
366,-55,-67,0.28559933214452765,LHCII
367,63,-106,0.9519977738150885,LHCII
368,-26,76,3.6175915404973398,LHCII
369,-15,-87,0.09519977738150918,LHCII
370,-72,-38,-1.1423973285781068,LHCII
371,-131,109,0.951997773815089,LHCII
372,-56,-60,-5.235987755982987,LHCII
373,-4,-40,-0.8567979964335791,LHCII
374,-125,96,3.236792430971304,LHCII
375,53,-145,-12.375971059596168,LHCII
376,-32,1,-8.567979964335791,LHCII
377,-96,20,-2.951193098826777,LHCII
378,156,17,11.043174176255036,LHCII
379,112,64,-6.283185307179581,LHCII
380,144,-89,-0.5711986642890535,LHCII
381,-89,95,-2.284794657156215,LHCII
382,10,69,5.71198664289053,LHCII
383,122,-55,1.6183962154856517,LHCII
384,-153,7,3.427191985734322,LHCII
385,-112,-114,-7.235183080994666,LHCII
386,-69,47,-0.666398441670562,LHCII
387,68,-42,4.664789091693936,LHCII
388,24,83,-0.09519977738150774,LHCII
389,-111,84,9.234378406006357,LHCII
390,165,26,3.236792430971304,LHCII
391,70,21,4.379189759549411,LHCII
392,-88,48,5.235987755982988,LHCII
393,94,-107,-0.7615982190520713,LHCII
394,104,-100,2.66559376668225,LHCII
395,45,98,-4.9503884238384614,LHCII
396,30,54,12.851969946503715,LHCII
397,148,28,-0.09519977738150918,LHCII
398,-49,-23,5.616786865509021,LHCII
399,-80,-78,-1.8087957702486692,LHCII
400,105,-63,0.7615982190520708,LHCII
401,-25,-27,4.855188646456954,LHCII
402,29,-2,3.5223917631158317,LHCII
403,8,-46,-0.5711986642890531,LHCII
404,90,-34,-4.664789091693936,LHCII
405,15,-68,-5.711986642890531,LHCII
406,-147,-1,1.9991953250116872,LHCII
407,26,48,-1.8087957702486692,LHCII
408,-36,-150,-5.331187533364496,LHCII
409,-98,94,6.473584861942597,LHCII
410,-123,-18,2.4751942119192325,LHCII
411,-25,32,-1.3877787807814457e-16,LHCII
412,-10,-108,-4.569589314312426,LHCII
413,1,-48,-1.5231964381041423,LHCII
414,111,45,-0.09519977738150918,LHCII
415,104,38,1.4279966607226333,LHCII
416,-80,-102,-14.184766829844847,LHCII
417,155,24,1.7135959928671607,LHCII
418,-47,-142,-10.947974398873527,LHCII
419,124,76,4.474389536930919,LHCII
420,-2,-113,2.2847946571562137,LHCII
421,-54,141,-1.6183962154856504,LHCII
422,1,93,3.7127913178788496,LHCII
423,92,-146,-7.901581522665225,LHCII
424,-23,1,0.7615982190520717,LHCII
425,-7,47,-2.855993321445268,LHCII
426,-107,100,5.71198664289053,LHCII
427,-138,-39,-3.236792430971304,LHCII
428,-136,-15,-5.902386197653547,LHCII
429,61,-28,-0.09519977738150857,LHCII
430,33,-40,-5.521587088127512,LHCII
431,-86,87,-1.0471975511965979,LHCII
432,-104,-92,8.758379519098812,LHCII
433,98,78,-3.141592653589795,LHCII
434,-33,51,0.19039955476301984,LHCII
435,-33,-15,-3.236792430971304,LHCII
436,-89,105,-3.7127913178788496,LHCII
437,104,73,1.9039955476301782,LHCII
438,-8,38,3.522391763115831,LHCII
439,58,140,3.4271919857343223,LHCII
440,108,-84,0.2855993321445268,LHCII
441,-61,-16,-2.3799944345377235,LHCII
442,-31,-50,2.284794657156214,LHCII
443,-136,-99,-1.2375971059596158,LHCII
444,0,-57,4.855188646456953,LHCII
445,106,-91,2.855993321445267,LHCII
446,-60,-3,-9.043978851243338,LHCII
447,-39,82,-11.80477239530711,LHCII
448,-58,13,11.328773508399564,LHCII
449,101,11,9.710377292913904,LHCII
450,-108,-35,0.9519977738150894,LHCII
451,-17,27,8.187180854809753,LHCII
452,-80,-65,4.283989982167902,LHCII
453,113,6,-4.093590427404885,LHCII
454,-100,-73,3.8079910952603577,LHCII
455,132,66,-0.951997773815089,LHCII
456,-31,-137,8.948779073861827,LHCII
457,83,162,-0.7615982190520708,LHCII
458,144,-81,-6.5687846393241065,LHCII
459,-132,102,0.1903995547630179,LHCII
460,-41,-95,4.093590427404885,LHCII
461,-6,-87,-1.1423973285781077,LHCII
462,-4,-66,2.1895948797747056,LHCII
463,-9,-127,-10.281575957202962,LHCII
464,8,9,-4.664789091693936,LHCII
465,-5,30,1.2375971059596158,LHCII
466,-107,10,-2.2847946571562168,LHCII
467,-26,147,1.9039955476301786,LHCII
468,-2,-122,-5.711986642890531,LHCII
469,103,-150,-9.519977738150885,LHCII
470,79,6,4.379189759549411,LHCII
471,-32,42,8.091981077428244,LHCII
472,-95,-15,2.951193098826777,LHCII
473,150,-37,0.4759988869075446,LHCII
474,-9,-72,-2.094395102393197,LHCII
475,32,90,11.519173063162583,LHCII
476,108,-144,8.377580409572774,LHCII
477,17,46,11.233573731018055,LHCII
478,-11,162,0.38079910952603535,LHCII
479,17,-183,1.999195325011688,LHCII
480,-143,21,1.6183962154856513,LHCII
481,-146,-63,-8.948779073861829,LHCII
482,-31,-41,-10.662375066728998,LHCII
483,-127,-81,5.235987755982987,LHCII
484,65,27,-4.37918975954941,LHCII
485,40,131,1.9991953250116872,LHCII
486,21,-126,-1.1423973285781064,LHCII
487,29,111,2.094395102393196,LHCII
488,49,-31,1.9991953250116876,LHCII
489,-3,157,3.9031908726418667,LHCII
490,116,-112,4.474389536930919,LHCII
491,-13,-135,-3.6175915404973398,LHCII
492,-137,29,-11.043174176255034,LHCII
493,-156,40,10.37677573458447,LHCII
494,-115,101,3.236792430971304,LHCII
495,-102,63,3.236792430971304,LHCII
496,-147,12,-4.855188646456953,LHCII
497,-81,153,5.045588201219969,LHCII
498,-64,-55,2.379994434537723,LHCII
499,151,-47,-1.0269562977782698e-15,LHCII
500,-23,-52,-0.38079910952603563,LHCII
501,-35,-32,0.666398441670562,LHCII
502,-110,59,2.189594879774706,LHCII
503,-38,-130,-1.8087957702486697,LHCII
504,170,33,-1.8087957702486683,LHCII
505,84,-104,1.4279966607226333,LHCII
506,-93,3,2.5703939893007415,LHCII
507,62,35,-9.043978851243338,LHCII
508,38,62,-3.5223917631158317,LHCII
509,3,69,5.426387310746004,LHCII
510,-23,-94,4.759988869075444,LHCII
511,-101,110,-1.8087957702486697,LHCII
512,-31,88,3.5223917631158317,LHCII
513,0,116,-3.7127913178788488,LHCII
514,-94,37,-14.184766829844847,LHCII
515,1,-82,1.9991953250116867,LHCII
516,157,60,6.283185307179581,LHCII
517,94,63,-6.949583748850141,LHCII
518,18,22,1.7135959928671594,LHCII
519,-45,32,2.189594879774706,LHCII
520,-28,61,-5.5215870881275135,LHCII
521,-53,-146,3.8079910952603577,LHCII
522,19,91,-5.521587088127513,LHCII
523,127,-38,-12.756770169122207,LHCII
524,-24,116,5.04558820121997,LHCII
525,15,151,3.7127913178788488,LHCII
526,-98,-66,1.4279966607226329,LHCII
527,129,-10,5.997585975035055,LHCII
528,-97,102,-11.614372840544092,LHCII
529,142,-60,-0.6663984416705624,LHCII
530,-98,11,-3.712791317878849,LHCII
531,114,23,3.6175915404973398,LHCII
532,16,-42,0.7615982190520713,LHCII
533,-139,72,-1.0471975511965979,LHCII
534,-96,-97,4.569589314312427,LHCII
535,-17,37,4.47438953693092,LHCII
536,-140,90,6.9495837488501415,LHCII
537,12,28,5.997585975035055,LHCII
538,-96,59,-1.7135959928671607,LHCII
539,-101,-43,-10.28157595720296,LHCII
540,142,-34,-0.8567979964335788,LHCII
541,-39,-157,-6.5687846393241065,LHCII
542,66,48,-8.75837951909881,LHCII
543,-19,16,-2.6655937666822505,LHCII
544,7,148,-0.8567979964335797,LHCII
545,9,89,3.7127913178788488,LHCII
546,94,-128,-6.37838508456109,LHCII
547,48,25,-4.093590427404885,LHCII
548,7,-62,-3.6175915404973398,LHCII
549,-124,115,25.13274122871843,LHCII
550,92,30,-5.521587088127513,LHCII
551,-101,4,0.09519977738150918,LHCII
552,22,4,1.6183962154856513,LHCII
553,-23,49,-0.9519977738150885,LHCII
554,34,99,3.7127913178788488,LHCII
555,95,111,2.570393989300741,LHCII
556,-93,28,-7.901581522665227,LHCII
557,-48,-15,3.6175915404973407,LHCII
558,4,110,5.331187533364495,LHCII
559,-103,54,-4.093590427404885,LHCII
560,-66,-10,-9.900776847676923,LHCII
561,-64,-33,3.4271919857343227,LHCII
562,-43,-28,5.235987755982987,LHCII
563,-17,-80,2.951193098826777,LHCII
564,55,-119,7.235183080994666,LHCII
565,-70,-18,7.6159821905206995,LHCII
566,-4,-100,-2.5703939893007424,LHCII
567,9,-36,-1.9991953250116876,LHCII
568,107,-20,1.7135959928671602,LHCII
569,-96,51,7.235183080994666,LHCII
570,119,85,9.234378406006357,LHCII
571,131,-133,-0.2855993321445269,LHCII
572,-74,137,-4.093590427404885,LHCII
573,29,74,-2.3799944345377235,LHCII
574,-64,5,-1.6183962154856513,LHCII
575,-16,7,-8.091981077428242,LHCII
576,5,-118,16.564761264382586,LHCII
577,-7,9,-3.5223917631158312,LHCII
578,82,64,-5.235987755982987,LHCII
579,48,133,-0.47599888690754466,LHCII
580,-113,2,-5.902386197653546,LHCII
581,102,-12,6.854383971468632,LHCII
582,-53,-153,-2.094395102393196,LHCII
583,132,78,-1.999195325011688,LHCII
584,121,13,-7.615982190520701,LHCII
585,-154,48,-1.7135959928671602,LHCII
586,-30,-144,-2.094395102393196,LHCII
587,112,-31,3.712791317878849,LHCII
588,24,156,2.3799944345377235,LHCII
589,-17,-166,-3.4271919857343227,LHCII
590,56,-5,-5.616786865509021,LHCII
591,101,28,-2.189594879774705,LHCII
592,103,-126,3.9031908726418667,LHCII
593,103,-45,-19.039955476301827,LHCII
594,127,-61,-0.19039955476301834,LHCII
595,179,-92,4.759988869075444,PSI
596,-54,192,-0.8567979964335801,PSI
597,-32,-220,0.6663984416705622,PSI
598,-28,-205,-1.4279966607226335,PSI
599,92,187,-2.189594879774705,PSI
600,-170,92,-5.426387310746004,PSI
601,45,177,-2.760793544063759,PSI
602,-167,-54,5.616786865509021,PSI
603,-58,-179,2.284794657156214,PSI
604,-3,-198,1.6183962154856513,PSI
605,118,-159,2.379994434537723,PSI
606,-191,44,5.997585975035055,PSI
607,27,-199,2.475194211919232,PSI
608,-91,-165,1.3327968833411243,PSI
609,-199,-21,2.379994434537723,PSI
610,49,163,1.4279966607226333,PSI
611,-47,179,-1.2375971059596154,PSI
612,-182,104,-6.949583748850141,PSI
613,-35,-191,4.855188646456952,PSI
614,-100,167,3.236792430971304,PSI
615,91,-164,-8.326672684688674e-17,PSI
616,-43,-179,-0.7615982190520708,PSI
617,109,178,-2.094395102393196,PSI
618,-126,133,7.139983303613158,PSI
619,67,-191,-8.326672684688674e-17,PSI
620,210,15,2.760793544063759,PSI
621,-159,-67,2.951193098826777,PSI
622,-106,196,-3.522391763115831,PSI
623,-197,14,-2.760793544063759,PSI
624,220,34,-0.28559933214452693,PSI
625,55,204,-0.8567979964335801,PSI
626,-130,-177,0.3807991095260356,PSI
627,-163,114,0.09519977738150896,PSI
628,-163,131,1.3327968833411246,PSI
629,103,-172,2.094395102393196,PSI
630,-154,156,4.283989982167902,PSI
631,164,151,3.331992208352813,PSI
632,74,210,0.19039955476301762,PSI
633,-169,36,1.4279966607226338,PSI
634,-185,89,-0.7615982190520708,PSI
635,-53,163,-3.9983906500233757,PSI
636,145,-127,-3.331992208352813,PSI
637,32,192,-1.9991953250116872,PSI
638,78,170,2.855993321445268,PSI
639,33,169,0.38079910952603535,PSI
640,-156,-159,0.2855993321445267,PSI
641,-30,-168,-2.379994434537723,PSI
642,148,120,2.570393989300741,PSI
643,161,-127,-2.760793544063759,PSI
644,126,152,1.6183962154856515,PSI
645,-13,-210,-0.761598219052071,PSI
646,-169,67,3.6175915404973398,PSI
647,-195,62,3.8079910952603577,PSI
648,-200,95,0.4759988869075442,PSI
649,170,65,3.141592653589795,PSI
650,-92,-195,0.8567979964335799,PSI
651,164,50,1.9991953250116872,PSI
652,-161,-121,2.475194211919232,PSI
653,168,101,0.47599888690754444,PSI
654,-183,-49,4.188790204786393,PSI
655,-167,-81,0.5711986642890539,PSI
656,-144,111,-1.6183962154856513,PSI
657,99,200,0.5711986642890531,PSI
658,-81,-184,0.38079910952603535,PSI
659,-101,-153,4.188790204786393,PSI
660,-184,74,-1.0471975511965976,PSI
661,10,-208,1.9991953250116876,PSI
662,-129,-128,1.9991953250116872,PSI
663,-14,214,-1.9991953250116872,PSI
664,-197,-52,2.760793544063759,PSI
665,216,-42,0.8567979964335801,PSI
666,49,-190,2.855993321445268,PSI
667,86,-204,5.616786865509021,PSI
668,-183,-15,-8.326672684688674e-17,PSI
669,-167,52,0.9519977738150889,PSI
670,195,-53,-0.761598219052071,PSI
671,-55,-212,0.2855993321445266,PSI
672,134,-164,-3.427191985734322,PSI
673,223,-1,2.570393989300741,PSI
674,172,-34,-0.6663984416705624,PSI
675,-189,117,1.9039955476301782,PSI
676,-223,-8,-3.046392876208286,PSI
677,-100,-138,-1.0471975511965974,PSI
678,127,178,2.284794657156214,PSI
679,188,119,1.5231964381041423,PSI
680,123,134,-5.997585975035055,PSI
681,164,127,0.6663984416705624,PSI
682,221,-23,-5.521587088127513,PSI
683,-209,-77,-0.3807991095260356,PSI
684,199,28,0.09519977738150896,PSI
685,-115,-142,0.2855993321445265,PSI
686,193,14,-2.570393989300741,PSI
687,-19,-194,1.5231964381041425,PSI
688,-20,173,3.9983906500233757,PSI
689,-71,-211,1.7135959928671602,PSI
690,-211,48,3.236792430971304,PSI
691,206,74,1.8087957702486694,PSI
692,-53,-196,-3.141592653589795,PSI
693,175,137,0.761598219052071,PSI
694,210,56,-2.760793544063759,PSI
695,108,135,0.38079910952603624,PSI
696,-75,-198,1.237597105959615,PSI
697,-128,-114,0.9519977738150885,PSI
698,153,163,0.19039955476301762,PSI
699,-82,188,-2.951193098826777,PSI
700,146,-143,4.283989982167902,PSI
701,-136,153,-1.7135959928671602,PSI
702,-132,-145,2.094395102393196,PSI
703,-107,-194,2.760793544063758,PSI
704,152,139,2.951193098826776,PSI
705,171,-112,5.807186420272038,PSI
706,-166,-96,0.6663984416705622,PSI
707,79,-180,-3.8079910952603577,PSI
708,-214,-23,1.1423973285781064,PSI
709,137,165,-1.8087957702486697,PSI
710,-141,-119,-2.284794657156214,PSI
711,-148,-146,-8.326672684688674e-17,PSI
712,-115,-171,-7.425582635757684,PSI
713,-151,-82,-7.235183080994665,PSI
714,69,-212,2.475194211919232,PSI
715,-7,-184,4.37918975954941,PSI
716,-115,170,1.1423973285781068,PSI
717,-219,13,4.569589314312427,PSI
718,183,-121,-3.046392876208286,PSI
719,19,178,0.7615982190520708,PSI
720,-184,-71,1.1423973285781064,PSI
721,193,81,-3.331992208352813,PSI
722,6,209,3.7127913178788488,PSI
723,-149,-105,-1.6183962154856513,PSI
724,-98,-180,-2.094395102393196,PSI
725,170,-5,-4.759988869075444,PSI
726,162,-101,1.4279966607226333,PSI
727,183,56,-2.094395102393196,PSI
728,159,-62,-4.093590427404884,PSI
729,164,-76,-3.9031908726418667,PSI
730,-148,-130,-5.71198664289053,PSI
731,192,-80,0.47599888690754455,PSI
732,151,-165,-0.761598219052071,PSI
733,-65,-158,9.615177515532395,PSI
734,209,-5,-12.471170836977677,PSI
735,-131,-161,0.38079910952603546,PSI
736,-173,12,-0.5711986642890531,PSI
737,152,-112,2.760793544063759,PSI
738,30,221,-1.0471975511965974,PSI
739,102,152,1.0471975511965974,PSI
740,69,156,1.7135959928671602,PSI
741,-186,-123,-1.8087957702486692,PSI
742,184,31,2.379994434537723,PSI
743,20,207,-0.761598219052071,PSI
744,119,165,-5.426387310746003,PSI
745,-86,164,1.9991953250116872,PSI
746,19,-220,12.185571504833149,PSI
747,56,189,-5.521587088127513,PSI
748,-20,189,2.379994434537723,PSI
749,71,186,5.331187533364496,PSI
750,92,174,1.2375971059596154,PSI
751,-76,-169,0.19039955476301768,PSI
752,-203,-36,2.189594879774705,PSI
753,195,62,-2.570393989300741,PSI
754,-198,78,-0.190399554763018,PSI
755,51,-207,0.8567979964335797,PSI
756,-186,-87,1.3327968833411246,PSI
757,61,175,1.0471975511965979,PSI
758,185,-104,4.569589314312427,PSI
759,200,-97,0.5711986642890531,PSI
760,-53,-165,5.140787978601479,PSI
761,-144,-170,1.5231964381041423,PSI
762,154,105,-2.951193098826777,PSI
763,-132,167,0.47599888690754444,PSI
764,211,-64,-0.6663984416705622,PSI
765,-175,-114,-7.996781300046735,PSI
766,-157,100,2.284794657156214,PSI
767,10,-192,7.5207824131391945,PSI
768,-219,-45,0.9519977738150885,PSI
769,2,186,-0.4759988869075442,PSI
770,-119,-188,1.942890293094024e-16,PSI
771,10,222,-2.475194211919232,PSI
772,-171,-139,2.379994434537724,PSI
773,-63,203,14.184766829844847,PSI
774,178,-75,5.616786865509021,PSI
775,170,-49,2.570393989300741,PSI
776,-105,149,4.188790204786393,PSI
777,194,-10,0.2855993321445263,PSI
778,-181,130,2.2847946571562145,PSI
779,-170,143,-1.3327968833411252,PSI
780,6,170,-0.7615982190520713,PSI
781,-193,-108,0.28559933214452693,PSI
782,161,90,-4.283989982167902,B6F
783,-213,-64,-1.6183962154856513,B6F
784,-63,216,-6.663984416705616,B6F
785,135,123,-3.141592653589795,B6F
786,-112,182,4.9503884238384614,B6F
787,-114,131,0.19039955476301762,B6F
788,-184,1,1.3327968833411243,B6F
789,-174,-29,-2.9511930988267774,B6F
790,-43,-209,-0.09519977738150902,B6F
791,106,-135,-4.664789091693936,B6F
792,-122,152,-1.9991953250116872,B6F
793,21,-169,1.0471975511965974,B6F
794,32,-216,1.4279966607226333,B6F
795,-113,-159,9.424777960769376,B6F
796,171,115,5.902386197653548,B6F
797,-3,203,6.9495837488501415,B6F
798,-6,-223,-7.139983303613158,B6F
799,188,-66,4.474389536930919,B6F
800,121,-122,-6.187985529798072,B6F
801,-217,60,-2.760793544063759,B6F
802,79,196,-5.235987755982988,B6F
803,222,21,0.19039955476301762,B6F
804,40,200,-11.995171950070132,B6F
805,-144,-93,-2.66559376668225,B6F
806,185,3,-4.759988869075444,B6F
807,-143,-157,2.475194211919232,B6F
808,-12,-172,5.807186420272038,LHCII
809,-209,20,0.47599888690754455,LHCII
810,67,-178,3.141592653589795,LHCII
811,-76,174,1.1423973285781068,LHCII
812,-38,-142,-3.1415926535897953,LHCII
813,-143,134,-1.2375971059596158,LHCII
814,-64,-192,4.474389536930919,LHCII
815,12,-172,4.188790204786393,LHCII
816,-181,30,7.806381745283718,LHCII
817,-175,-129,-3.522391763115831,LHCII
818,-127,121,-3.141592653589795,LHCII
819,191,-113,1.6183962154856517,LHCII
820,109,-199,7.901581522665226,LHCII
821,67,198,-1.7135959928671607,LHCII
822,-177,45,0.951997773815089,LHCII
823,-32,211,-4.474389536930919,LHCII
824,185,-7,-4.188790204786393,LHCII
825,-207,-47,1.4279966607226342,LHCII
826,-111,-182,0.4759988869075442,LHCII
827,-160,-143,3.7127913178788488,LHCII
828,-192,-10,11.233573731018055,LHCII
829,-75,200,-8.091981077428244,LHCII
830,110,-191,7.71118196790221,LHCII
831,-51,150,-3.7127913178788488,LHCII
832,134,143,-1.1423973285781064,LHCII
833,-70,182,1.6183962154856513,LHCII
834,-87,205,13.42316861079277,LHCII
835,32,-224,-1.3327968833411252,LHCII
836,0,-175,-5.04558820121997,LHCII
837,172,42,-6.283185307179581,LHCII
838,218,-54,7.806381745283718,LHCII
839,60,218,5.1407879786014785,LHCII
840,-9,191,1.8087957702486692,LHCII
841,144,132,-3.0463928762082864,LHCII
842,131,-147,2.475194211919232,LHCII
843,156,32,-3.5223917631158312,LHCII
844,-81,211,-8.85357929648032,LHCII
845,-33,-179,1.0471975511965974,LHCII
846,199,41,-6.187985529798072,LHCII
847,211,-20,2.5703939893007415,LHCII
848,-212,-55,-0.47599888690754466,LHCII
849,44,222,16.85036059652711,LHCII
850,200,104,12.471170836977677,LHCII
851,-91,-207,1.999195325011688,LHCII
852,154,-87,-6.473584861942598,LHCII
853,-174,-8,-6.187985529798073,LHCII
854,-62,171,0.666398441670562,LHCII
855,166,-148,3.046392876208286,LHCII
856,-117,-129,4.664789091693937,LHCII
857,162,116,-1.6183962154856513,LHCII
858,-104,-165,-9.995976625058432,LHCII
859,-111,-104,-19.896753472735412,LHCII
860,39,214,1.6183962154856517,LHCII
861,79,-168,9.805577070295413,LHCII
862,217,46,-7.235183080994667,LHCII
863,-84,-206,-6.092785752416564,LHCII
864,-168,-2,-0.8567979964335797,LHCII
865,21,226,-2.475194211919232,LHCII
866,-166,-42,5.235987755982987,LHCII
867,-109,-124,-1.0471975511965979,LHCII
868,9,195,-5.04558820121997,LHCII
869,114,-171,-7.330382858376176,LHCII
870,93,-186,-4.9503884238384614,LHCII
871,-89,-140,9.139178628624848,LHCII
872,101,-189,0.8567979964335801,LHCII
873,-63,179,-1.8087957702486697,LHCII
874,-176,119,0.09519977738150874,LHCII
875,51,-217,4.664789091693936,LHCII
876,200,1,1.047197551196597,LHCII
877,-199,-67,-5.902386197653547,LHCII
878,31,-185,-1.5231964381041423,LHCII
879,83,-157,2.855993321445268,LHCII
880,97,137,-1.8087957702486692,LHCII
881,-151,132,3.807991095260358,LHCII
882,-159,30,-1.4279966607226338,LHCII
883,-144,162,-1.6183962154856517,LHCII
884,143,144,-4.474389536930919,LHCII
885,122,-147,-5.426387310746004,LHCII
886,-158,-43,4.759988869075445,LHCII
887,-181,-36,-2.379994434537723,LHCII
888,34,206,-10.47197551196598,LHCII
889,33,181,7.71118196790221,LHCII
890,-204,-61,-1.2375971059596158,LHCII
891,130,-123,-0.8567979964335797,LHCII
892,-152,60,4.9503884238384614,LHCII
893,-115,120,5.426387310746003,LHCII
894,183,20,5.997585975035055,LHCII
895,173,78,2.475194211919232,LHCII
896,171,86,-7.901581522665227,LHCII
897,204,95,6.949583748850141,LHCII
898,-202,-8,-3.61759154049734,LHCII
899,21,164,8.091981077428246,LHCII
900,152,10,-6.283185307179582,LHCII
901,150,-95,2.189594879774705,LHCII
902,4,-181,5.902386197653547,LHCII
903,-170,124,-3.141592653589795,LHCII
904,166,78,9.995976625058432,LHCII
905,209,29,0.666398441670562,LHCII
906,-164,22,-1.6183962154856513,LHCII
907,42,-220,5.521587088127513,LHCII
908,-106,116,1.1423973285781068,LHCII
909,-150,140,-6.473584861942598,LHCII
910,154,-136,7.615982190520703,LHCII
911,-178,-61,-21.61034946560258,LHCII
912,-1,225,-2.379994434537723,LHCII
913,118,-136,-1.3327968833411248,LHCII
914,107,-156,-3.0531133177191805e-16,LHCII
915,19,143,6.949583748850141,LHCII
916,143,-155,4.759988869075444,LHCII
917,-18,225,-2.570393989300741,LHCII
918,-198,-84,4.950388423838462,LHCII
919,201,-22,-6.283185307179581,LHCII
920,85,-190,8.47278018695428,LHCII
921,-24,-185,-4.093590427404885,LHCII
922,-67,190,3.522391763115831,LHCII
923,-182,38,-3.427191985734322,LHCII
924,-143,175,1.6183962154856513,LHCII
925,-201,54,-2.570393989300741,LHCII
926,146,171,-9.519977738150885,LHCII
927,-40,207,-6.283185307179581,LHCII
928,-205,28,-4.569589314312427,LHCII
929,104,169,-1.2375971059596154,LHCII
930,-18,-224,1.4279966607226338,LHCII
931,-52,215,-3.6175915404973398,LHCII
932,-186,24,-0.4759988869075442,LHCII
933,62,165,-6.854383971468633,LHCII
934,183,-33,-0.19039955476301806,LHCII
935,-117,140,0.6663984416705624,LHCII
936,-133,84,-1.7135959928671607,LHCII
937,-224,-27,10.662375066728998,LHCII
938,184,109,6.378385084561089,LHCII
939,-62,-202,23.89514412275881,LHCII
940,-181,64,-0.38079910952603535,LHCII
941,-119,-153,11.328773508399566,LHCII
942,184,42,8.091981077428244,LHCII
943,198,-68,-4.9503884238384614,LHCII
944,27,-178,-20.848751246550506,LHCII
945,-153,118,2.855993321445268,LHCII
946,-192,-62,10.567175289347489,LHCII
947,-170,105,-0.5711986642890534,LHCII
948,127,-141,1.4279966607226338,LHCII
949,-1,-214,34.65271896686937,LHCII
950,-186,-99,-11.519173063162583,LHCII
951,159,-41,1.0471975511965974,LHCII
952,-211,80,-11.138373953636545,LHCII
953,-171,80,0.09519977738150918,LHCII
954,180,71,-0.38079910952603535,LHCII
955,139,179,4.283989982167903,LHCII
956,-178,55,-2.66559376668225,LHCII
957,-43,-223,0.9519977738150894,LHCII
958,116,143,2.284794657156214,LHCII
959,89,145,2.570393989300741,LHCII
960,-195,-94,3.046392876208287,LHCII
961,-136,58,-1.7135959928671602,LHCII
962,23,-189,-2.760793544063759,LHCII
963,87,203,-5.616786865509021,LHCII
964,-208,-89,-6.854383971468633,LHCII
965,-160,12,-1.4279966607226333,LHCII
966,-187,-28,-11.138373953636545,LHCII
967,172,-143,0.666398441670562,LHCII
968,-157,-53,37.699111843077674,LHCII
969,-136,130,4.569589314312427,LHCII
970,44,190,5.616786865509021,LHCII
971,-178,-98,0.0951997773815083,LHCII
972,-85,175,2.379994434537723,LHCII
973,-172,-68,1.4279966607226324,LHCII
974,-222,46,-0.9519977738150885,LHCII
975,-32,174,-5.235987755982988,LHCII
976,-214,-34,-2.379994434537723,LHCII
977,-158,140,-4.950388423838462,LHCII
978,39,-197,-18.563956589394284,LHCII
979,-182,-134,-11.138373953636545,LHCII
980,-215,26,20.27755258226145,LHCII
981,109,191,-2.475194211919232,LHCII
982,-42,215,-2.094395102393196,LHCII
983,-122,190,-0.19039955476301745,LHCII
984,186,-18,1.4279966607226338,LHCII
985,52,-171,-35.31911740853994,LHCII
986,114,152,-6.092785752416564,LHCII
987,26,-162,-21.324750133458053,LHCII
988,-191,-39,33.31992208352823,LHCII
989,212,-76,6.663984416705614,LHCII
990,119,191,-9.519977738150885,LHCII
991,164,-91,1.4279966607226333,LHCII
992,177,108,2.0943951023931966,LHCII
993,-203,42,0.5711986642890535,LHCII
994,59,-185,30.844727871608995,LHCII
995,118,-193,-1.0471975511965979,LHCII
996,-190,32,5.616786865509021,LHCII
997,-166,154,6.092785752416565,LHCII
998,-23,207,1.2375971059596154,LHCII
999,185,90,5.521587088127513,LHCII
1000,182,-134,1.5231964381041432,LHCII
1001,60,146,-4.56958931431243,LHCII
1002,147,152,-6.37838508456109,LHCII
1003,102,-201,4.474389536930919,LHCII
1004,194,95,-8.091981077428244,LHCII
1005,178,93,3.903190872641866,LHCII
1006,42,-179,-13.708767942937301,LHCII
1007,208,-90,-2.5703939893007415,LHCII
1008,-163,82,-7.996781300046735,LHCII
1009,96,162,3.236792430971304,LHCII
1010,-197,109,3.9031908726418667,LHCII
1011,191,47,-3.7127913178788488,LHCII
1012,-159,-132,28.083934327545226,LHCII
1013,20,190,-20.94395102393202,LHCII
1014,203,-75,6.663984416705616,LHCII
1015,-35,198,28.55993321445277,LHCII
1016,-194,24,1.7135959928671607,LHCII
1017,185,129,21.419949910839556,LHCII
1018,35,-165,7.425582635757682,LHCII
1019,186,-51,-3.236792430971304,ATP
1020,-208,37,4.474389536930919,ATP
1021,-28,219,1.7135959928671602,ATP
1022,58,-199,1.0471975511965974,ATP
1023,193,40,3.807991095260357,ATP
1024,-101,-204,0.7615982190520708,ATP
1025,-172,-44,-8.85357929648032,ATP
1026,197,-108,0.8567979964335797,ATP
1027,-226,6,-8.377580409572772,ATP
1028,189,-28,-1.9991953250116872,ATP
1029,-203,-99,-0.666398441670562,ATP
1030,-6,173,1.3327968833411248,ATP
1031,110,164,-14.851165271515411,ATP
1032,196,111,-5.426387310746004,ATP
1033,-21,-177,0.38079910952603535,ATP
1034,25,-210,-3.522391763115831,ATP
1035,-44,198,1.4279966607226342,ATP
1036,-70,-180,-0.9519977738150894,ATP
1037,-21,201,8.6631797417173,ATP
1038,178,101,4.0935904274048855,ATP
1039,-218,33,-0.7615982190520707,ATP
1040,-208,66,2.951193098826777,ATP
1041,214,4,-4.759988869075444,ATP
1042,135,-111,-2.475194211919232,ATP
1043,-208,73,8.37758040957277,ATP
1044,-65,-172,-13.042369501266734,ATP
1045,-198,33,10.47197551196598,ATP
1046,183,11,0.6663984416705624,ATP
1047,-152,168,6.378385084561089,ATP
1048,141,-110,-1.8087957702486692,ATP
1049,-186,9,21.419949910839566,ATP
1050,95,-206,-5.997585975035056,ATP
1051,-135,182,3.0463928762082864,ATP
1052,39,-190,2.284794657156214,ATP
1053,-39,188,-4.474389536930919,ATP
1054,91,-179,4.474389536930919,ATP
1055,114,-147,3.141592653589795,ATP
1056,205,46,1.3327968833411243,ATP
1057,3,-220,5.235987755982987,ATP
1058,63,-205,1.4279966607226342,ATP
1059,-207,60,-0.19039955476301795,ATP
1060,-71,-186,3.807991095260357,ATP
1061,52,218,-19.611154140590884,ATP
1062,205,-52,6.5687846393241065,ATP
1063,83,154,21.41994991083956,ATP
1064,123,-188,1.4279966607226324,ATP
1065,98,-195,-5.045588201219969,ATP
1066,198,50,0.38079910952603535,ATP
1067,210,-27,8.187180854809753,ATP
1068,-226,-21,-6.1879855297980715,ATP
1069,90,154,2.855993321445269,ATP
1070,179,126,4.283989982167902,ATP
1071,179,-24,-12.375971059596168,ATP
1072,-113,159,3.9031908726418676,ATP
1073,75,-198,-0.5711986642890531,ATP
1074,132,-177,13.42316861079277,ATP
1075,-138,-136,4.664789091693935,ATP
1076,-86,-174,-4.855188646456954,ATP
1077,-34,182,-0.1903995547630175,ATP
1078,179,-43,-0.09519977738150902,ATP
1079,171,-85,2.475194211919231,ATP
1080,136,-119,-2.2847946571562145,ATP
1081,96,144,11.043174176255038,ATP
1082,-9,180,0.09519977738150813,ATP
1083,184,77,4.37918975954941,ATP
1084,224,10,-0.9519977738150899,ATP
1085,-211,-10,10.662375066728998,ATP
1086,206,-42,-3.7127913178788488,ATP
1087,-158,67,2.284794657156214,ATP
1088,-31,188,1.9039955476301782,ATP
1089,35,-207,-0.5711986642890534,ATP
1090,-126,144,1.1423973285781064,ATP
1091,191,-93,3.8079910952603577,ATP
1092,-110,-132,-16.18396215485654,ATP
1093,97,-154,2.855993321445268,ATP
1094,-47,221,1.5231964381041432,ATP
1095,181,-12,-4.569589314312427,ATP
1096,-92,155,-4.759988869075444,ATP
1097,135,134,-4.855188646456954,ATP
1098,-165,-110,5.997585975035056,ATP
1099,-193,-76,3.7127913178788488,ATP
1100,185,97,-7.71118196790221,ATP
1101,-28,196,2.570393989300742,ATP
1102,-41,169,-3.0531133177191805e-16,ATP
1103,162,-154,2.0943951023931966,ATP
1104,59,-171,15.517563713185975,ATP
1105,177,-16,9.043978851243338,ATP
1106,-216,71,3.9031908726418667,ATP
1107,-126,177,-9.615177515532395,ATP
1108,218,64,1.5231964381041427,ATP
1109,-185,15,11.614372840544094,ATP
1110,42,-213,-3.903190872641866,ATP
1111,-216,2,-5.521587088127513,ATP
1112,128,-183,-1.3327968833411243,ATP
1113,71,-170,2.76079354406376,ATP
1114,-155,-96,-4.188790204786394,ATP
1115,-49,206,2.8559933214452684,ATP
1116,143,109,4.855188646456954,ATP
1117,-179,21,-1.3327968833411235,ATP
1118,129,-154,1.3327968833411243,ATP
1119,-170,-37,8.567979964335791,ATP
1120,-41,-165,-15.136764603659941,ATP
1121,192,-22,3.9031908726418667,ATP
1122,37,-171,31.035127426372014,ATP
1123,-159,88,-8.948779073861829,ATP
1124,-168,-153,-8.187180854809753,ATP
1125,-12,202,7.901581522665227,ATP
1126,-92,192,3.8079910952603577,ATP
1127,163,-140,0.8567979964335797,ATP
1128,207,38,-4.855188646456952,ATP
1129,-40,224,2.8559933214452706,ATP
1130,125,-134,0.951997773815089,ATP
1131,59,-179,-22.562347239417676,ATP
1132,191,107,3.9983906500233766,ATP
1133,222,-13,4.664789091693936,ATP
1134,140,153,0.09519977738150724,ATP
1135,101,-159,-4.283989982167903,ATP
1136,-30,204,-2.094395102393196,ATP
1137,139,-174,1.942890293094024e-16,ATP
1138,165,138,-2.760793544063758,ATP
1139,47,213,3.236792430971303,ATP
1140,138,-150,1.2375971059596154,ATP
1141,-23,-216,13.89916749770032,ATP
1142,-88,198,-3.236792430971304,ATP
1143,-140,141,5.331187533364495,ATP
1144,-183,-106,17.8023583703422,ATP
1145,-208,-1,2.379994434537722,ATP
1146,-208,11,-14.946365048896924,ATP
1147,179,84,-29.321531433504845,ATP
1148,-170,-105,4.474389536930918,ATP
1149,153,-154,-0.9519977738150899,ATP
1150,-222,27,-47.69508846813617,PSII_mono
1151,-146,124,7.04478352623165,PSII_mono
1152,-74,211,-7.615982190520701,PSII_mono
1153,-142,98,-2.570393989300741,PSII_mono
1154,206,86,-8.56797996433579,PSII_mono
1155,191,-39,-5.140787978601479,PSII_mono
1156,123,-177,-4.474389536930919,PSII_mono
1157,200,-31,-12.566370614359187,PSII_mono
1158,-194,0,-7.425582635757684,PSII_mono
1159,172,-133,11.423973285781072,PSII_mono
1160,172,-63,-3.617591540497344,PSII_mono
1161,112,-183,-15.517563713185975,PSII_mono
1162,-149,86,33.51032163829126,PSII_mono
1163,206,-83,19.420754585827865,PSII_mono
1164,-93,180,-8.282380632191263,PSII_mono
1165,-94,203,-10.376775734584468,PSII_mono
