,x,y,theta,Ptype
0,-23,17,0.0,C2S2M2
1,-53,74,0.0,C2S2M2
2,-77,-54,0.0,C2S2M2
3,-66,-99,0.0,C2S2M2
4,45,22,0.0,C2S2M2
5,-80,-148,0.0,C2S2M2
6,41,-95,0.0,C2S2M2
7,93,129,0.0,C2S2M2
8,-82,-126,2.66559376668225,C2S2M2
9,60,153,0.0,C2S2M2
10,-69,-30,0.0,C2S2M2
11,-57,-126,1.1423973285781066,C2S2M2
12,140,58,0.0,C2S2M2
13,-1,-145,0.0,C2S2M2
14,16,-21,0.0,C2S2M2
15,135,98,0.0,C2S2M2
16,95,10,0.0,C2S2M2
17,-148,9,0.0,C2S2M2
18,106,84,0.0,C2S2M2
19,27,-142,8.326672684688674e-17,C2S2M2
20,93,-80,0.0,C2S2M2
21,147,-13,0.0,C2S2M2
22,-47,-74,0.28559933214452665,C2S2M2
23,33,153,0.3807991095260356,C2S2M2
24,119,-102,0.0,C2S2M2
25,145,78,1.3877787807814457e-16,C2S2M2
26,-85,-12,-0.1903995547630178,C2S2M2
27,132,38,-0.2855993321445267,C2S2M2
28,-140,-63,0.0,C2S2M2
29,14,-97,0.5711986642890533,C2S2M2
30,51,100,0.0,C2S2M2
31,-160,-24,0.0,C2S2M2
32,46,-73,0.19039955476301768,C2S2M2
33,137,5,-0.19039955476301762,C2S2M2
34,-12,120,0.0,C2S2M2
35,-34,156,0.0,C2S2M2
36,65,130,0.5711986642890533,C2S2M2
37,-97,39,0.0,C2S2M2
38,-79,82,0.0,C2S2M2
39,49,-161,0.0,C2S2
40,-102,-116,1.3327968833411246,C2S2
41,-118,-90,0.0,C2S2
42,-73,123,0.0,C2S2
43,-34,121,-0.8567979964335799,C2S2
44,-153,-43,0.19039955476301776,C2S2
45,115,120,10.567175289347489,C2S2
46,48,5,0.5711986642890533,C2S2
47,119,-30,0.0,C2S2
48,33,-38,-1.1423973285781066,C2S2
49,-73,47,-0.2855993321445266,C2S2
50,94,108,-3.046392876208287,C2S2
51,66,-153,8.326672684688674e-17,C2S2
52,88,-9,-2.951193098826777,C2S2
53,73,-23,0.0,C2S2
54,83,-61,0.0,C2S2
55,-23,-156,-0.09519977738150888,C2S2
56,81,93,0.761598219052071,C2S2
57,88,52,0.0,C2S2
58,-40,102,0.0,C2S2
59,-24,87,0.8567979964335799,C2S2
60,-18,138,0.3807991095260358,C2S2
61,-25,-76,-1.6183962154856513,C2S2
62,-138,39,0.0,C2S2
63,9,54,0.0,C2S2
64,46,-16,0.09519977738150888,C2S2
65,-52,133,8.6631797417173,C2S2
66,60,-134,0.1903995547630179,C2S2
67,47,-49,-1.6183962154856515,C2S2
68,23,-165,-1.6183962154856513,C2S2
69,162,11,-1.2375971059596154,C2S2
70,33,-115,-2.189594879774705,C2S2
71,-12,-25,0.0,C2S2
72,-58,159,7.806381745283718,C2S2
73,-58,97,12.471170836977677,C2S2
74,-99,-63,-1.3327968833411246,C2S2
75,-77,141,0.19039955476301773,C2S2
76,121,-82,-5.331187533364496,C2S2
77,-130,54,0.19039955476301768,C2S2
78,-139,-19,0.0,B6F
79,-32,-108,0.0,B6F
80,-119,35,0.0,B6F
81,-103,-38,0.0,B6F
82,-19,-103,0.0,B6F
83,-50,-19,0.0951997773815088,B6F
84,-3,-41,0.09519977738150885,B6F
85,42,-126,-1.6183962154856513,B6F
86,54,-109,0.0,B6F
87,-41,-19,-0.28559933214452665,B6F
88,132,24,1.0471975511965976,B6F
89,2,-129,-0.47599888690754444,B6F
90,65,-56,-2.094395102393196,B6F
91,35,125,0.0,B6F
92,103,28,0.09519977738150885,B6F
93,-31,-135,0.0,B6F
94,-57,113,-0.8567979964335797,B6F
95,-50,62,5.3311875333644965,B6F
96,-114,-48,0.0,B6F
97,49,114,2.475194211919232,B6F
98,-45,-89,-1.0471975511965976,B6F
99,164,-19,-0.19039955476301776,B6F
100,73,-71,5.331187533364496,B6F
101,-29,72,0.0,B6F
102,-5,-94,0.0,B6F
103,119,-16,1.0471975511965976,B6F
104,141,-92,0.0,LHCII
105,-121,-102,0.0,LHCII
106,8,-9,1.8087957702486694,LHCII
107,-142,-30,-0.19039955476301776,LHCII
108,32,77,0.0,LHCII
109,29,-69,-0.38079910952603546,LHCII
110,-25,40,0.0,LHCII
111,6,-37,0.0,LHCII
112,0,-15,8.326672684688674e-17,LHCII
113,169,-10,0.0,LHCII
114,-12,-75,-1.0471975511965976,LHCII
115,44,59,0.0,LHCII
116,59,-95,-0.7615982190520709,LHCII
117,-45,15,0.0,LHCII
118,-14,-56,0.0,LHCII
119,114,-126,0.0,LHCII
120,137,-99,1.2375971059596156,LHCII
121,-38,66,0.5711986642890533,LHCII
122,-110,51,0.0,LHCII
123,138,-80,8.326672684688674e-17,LHCII
124,-40,0,0.0,LHCII
125,-136,-41,-0.2855993321445267,LHCII
126,-39,-117,-0.09519977738150888,LHCII
127,-23,103,0.0,LHCII
128,-100,-24,-0.19039955476301773,LHCII
129,106,38,-1.8087957702486692,LHCII
130,-72,23,0.0,LHCII
131,-61,53,-3.7127913178788488,LHCII
132,-159,32,0.0,LHCII
133,8,-168,-0.09519977738150896,LHCII
134,-70,-66,0.0,LHCII
135,-64,-15,-1.4279966607226333,LHCII
136,111,72,-2.475194211919232,LHCII
137,123,110,-0.19039955476301776,LHCII
138,75,-85,0.09519977738150891,LHCII
139,79,-109,0.0,LHCII
140,-53,-62,0.0,LHCII
141,143,-58,0.0,LHCII
142,70,55,-0.19039955476301784,LHCII
143,-40,138,4.855188646456953,LHCII
144,-117,95,0.0,LHCII
145,-108,98,0.0,LHCII
146,-131,20,3.8079910952603577,LHCII
147,77,118,0.6663984416705622,LHCII
148,-77,2,-0.28559933214452665,LHCII
149,99,-132,0.0,LHCII
150,-64,-72,1.4279966607226333,LHCII
151,155,-26,1.4279966607226335,LHCII
152,-70,71,-0.5711986642890535,LHCII
153,-42,89,1.6183962154856515,LHCII
154,-42,56,-2.7607935440637594,LHCII
155,-16,54,0.0,LHCII
156,-11,63,0.0,LHCII
157,-29,-167,1.2375971059596156,LHCII
158,-134,-32,-1.2375971059596156,LHCII
159,-88,-89,0.0,LHCII
160,-41,-108,-0.28559933214452665,LHCII
161,79,-134,-1.6183962154856513,LHCII
162,89,-51,-2.66559376668225,LHCII
163,11,-160,0.5711986642890533,LHCII
164,-95,-79,0.0,LHCII
165,114,65,0.0,LHCII
166,36,45,0.0,LHCII
167,113,39,0.09519977738150891,LHCII
168,3,164,0.0,LHCII
169,-41,-97,0.3807991095260356,LHCII
170,-15,150,-0.8567979964335799,LHCII
171,49,126,0.2855993321445267,LHCII
172,50,74,0.0,LHCII
173,62,15,-0.2855993321445267,LHCII
174,-18,-124,0.0,LHCII
175,6,18,0.0,LHCII
176,43,144,0.666398441670562,LHCII
177,87,-109,-0.1903995547630178,LHCII
178,33,34,-0.19039955476301776,LHCII
179,-103,116,0.0,LHCII
180,-133,-23,1.0471975511965976,LHCII
181,23,-51,-0.28559933214452654,LHCII
182,-41,-124,-1.1423973285781066,LHCII
183,62,-64,0.3807991095260354,LHCII
184,58,-85,0.4759988869075442,LHCII
185,-112,-69,-0.28559933214452665,LHCII
186,129,-44,0.6663984416705622,LHCII
187,76,80,1.9039955476301786,LHCII
188,-139,-10,-3.331992208352813,LHCII
189,68,-48,-0.0951997773815088,LHCII
190,-143,-81,0.0,LHCII
191,149,-49,0.0,LHCII
192,-80,24,0.1903995547630178,LHCII
193,-15,158,-1.1423973285781064,LHCII
194,61,-27,-2.570393989300741,LHCII
195,-33,60,-1.7135959928671607,LHCII
196,137,-62,0.09519977738150888,LHCII
197,88,-21,0.9519977738150887,LHCII
198,76,-145,1.7135959928671602,LHCII
199,-131,6,0.09519977738150896,LHCII
200,-37,-56,0.0,LHCII
201,-91,-102,0.0,LHCII
202,67,-79,-0.38079910952603535,LHCII
203,44,-144,-0.09519977738150874,LHCII
204,115,-68,0.0,LHCII
205,43,69,0.0,LHCII
206,128,76,-0.8567979964335799,LHCII
207,-8,149,0.28559933214452665,LHCII
208,29,-59,0.0,LHCII
209,136,-70,0.47599888690754444,LHCII
210,102,-23,0.6663984416705622,LHCII
211,89,75,0.0,LHCII
212,-23,-129,1.0471975511965976,LHCII
213,118,-116,0.0,LHCII
214,-43,25,0.0,LHCII
215,33,102,-0.0951997773815088,LHCII
216,26,163,-7.6159821905207,LHCII
217,143,25,0.09519977738150888,LHCII
218,28,-128,5.235987755982987,LHCII
219,-16,-115,0.0,LHCII
220,-69,62,0.2855993321445266,LHCII
221,104,-94,4.188790204786393,LHCII
222,120,-4,2.475194211919232,LHCII
223,-47,-112,-0.19039955476301784,LHCII
224,-12,35,0.0,LHCII
225,106,-66,0.28559933214452665,LHCII
226,-79,-115,0.7615982190520709,LHCII
227,48,48,0.0,LHCII
228,-35,-162,-0.9519977738150888,LHCII
229,-57,-12,0.7615982190520709,LHCII
230,-49,-106,1.1423973285781066,LHCII
231,24,73,0.0,LHCII
232,52,-121,0.5711986642890531,LHCII
233,-122,-43,0.0,LHCII
234,-43,-10,0.0,LHCII
235,4,140,0.0,LHCII
236,24,-105,0.19039955476301784,LHCII
237,-98,-98,-0.09519977738150891,LHCII
238,-11,-8,0.0,LHCII
239,-115,-62,0.0,LHCII
240,-18,168,-0.19039955476301784,LHCII
241,120,-46,0.0,LHCII
242,57,37,2.094395102393196,LHCII
243,-124,-51,-0.3807991095260356,LHCII
244,9,109,0.0,LHCII
245,42,35,0.09519977738150891,LHCII
246,26,-84,1.1423973285781066,LHCII
247,44,-28,5.235987755982987,LHCII
248,-88,2,0.09519977738150885,LHCII
249,-36,29,-0.19039955476301773,LHCII
250,-65,-8,0.6663984416705622,LHCII
251,-107,81,0.0,LHCII
252,77,150,0.28559933214452654,LHCII
253,-1,96,0.0,LHCII
254,122,-66,0.0,LHCII
255,61,-123,0.2855993321445265,LHCII
256,-149,56,-1.0471975511965976,LHCII
257,72,102,-3.046392876208286,LHCII
258,110,-54,0.0,LHCII
259,50,138,7.615982190520701,LHCII
260,-125,109,0.0,LHCII
261,-63,-85,1.5231964381041423,LHCII
262,-154,-5,-0.3807991095260354,LHCII
263,-71,-86,-0.19039955476301784,LHCII
264,-7,159,5.235987755982987,LHCII
265,118,-59,-1.0471975511965974,LHCII
266,-113,27,0.9519977738150885,LHCII
267,-96,88,0.0,LHCII
268,-84,-96,-0.5711986642890533,LHCII
269,-127,66,-0.8567979964335799,LHCII
270,19,30,0.0,LHCII
271,128,-8,1.6183962154856515,LHCII
272,114,6,0.0,LHCII
273,-41,-48,0.0,LHCII
274,-84,-24,-2.855993321445268,LHCII
275,15,-128,0.0,LHCII
276,75,-102,0.0,LHCII
277,93,62,-0.2855993321445267,LHCII
278,57,46,0.09519977738150885,LHCII
279,-114,-80,0.0,LHCII
280,30,9,0.8567979964335799,LHCII
281,-105,-132,-1.3327968833411246,LHCII
282,-5,33,0.0,LHCII
283,151,44,0.09519977738150888,LHCII
284,-100,-84,-0.3807991095260356,LHCII
285,3,-162,-1.1423973285781064,LHCII
286,117,99,0.47599888690754444,LHCII
287,-28,-99,-0.5711986642890533,LHCII
288,81,-94,-0.09519977738150888,LHCII
289,84,141,1.9991953250116872,LHCII
290,16,-119,-0.2855993321445266,LHCII
291,22,-68,-3.331992208352813,LHCII
292,-71,109,1.3327968833411243,LHCII
293,-24,-119,0.0,LHCII
294,36,-164,-1.2375971059596154,LHCII
295,-125,74,0.0,LHCII
296,101,58,1.6183962154856515,LHCII
297,-80,-68,-2.379994434537723,LHCII
298,74,111,-2.284794657156214,LHCII
299,11,137,-0.3807991095260355,LHCII
300,-33,-122,1.3877787807814457e-16,LHCII
301,-147,-8,0.2855993321445267,LHCII
302,64,-102,0.2855993321445266,LHCII
303,-108,73,0.0,LHCII
304,38,110,1.3327968833411243,LHCII
305,-27,3,-1.6183962154856515,LHCII
306,-153,48,1.2375971059596156,LHCII
307,63,62,0.0,LHCII
308,44,120,1.0471975511965976,LHCII
309,47,40,0.47599888690754444,LHCII
310,-78,107,-1.2375971059596156,LHCII
311,33,-4,-1.9039955476301782,LHCII
312,55,-6,1.0471975511965976,LHCII
313,-129,-98,-0.2855993321445267,LHCII
314,-85,-74,0.5711986642890531,LHCII
315,-162,-12,1.4279966607226333,LHCII
316,93,-102,0.0,LHCII
317,4,1,0.0,LHCII
318,-1,25,0.3807991095260356,LHCII
319,63,-7,4.855188646456953,LHCII
320,10,-83,1.9991953250116874,LHCII
321,84,-144,0.4759988869075442,LHCII
322,-23,57,-0.3807991095260355,LHCII
323,72,-41,3.7127913178788488,LHCII
324,-134,-91,-1.4279966607226335,LHCII
325,135,-87,1.0471975511965974,LHCII
326,-127,-27,0.0,LHCII
327,-70,-113,-0.19039955476301773,LHCII
328,0,38,-8.326672684688674e-17,LHCII
329,101,70,-2.7755575615628914e-17,LHCII
330,-133,-75,-0.09519977738150891,LHCII
331,70,15,0.0,LHCII
332,-48,-30,-2.855993321445268,LHCII
333,4,-89,2.760793544063759,LHCII
334,128,-61,1.8087957702486692,LHCII
335,88,-96,-7.425582635757684,LHCII
336,-21,71,1.0471975511965974,LHCII
337,78,4,-2.475194211919232,LHCII
338,64,29,0.0,LHCII
339,-34,143,2.094395102393196,LHCII
340,-8,8,0.5711986642890533,LHCII
341,6,130,0.0,LHCII
342,4,10,0.0,LHCII
343,-126,-35,-1.3327968833411248,LHCII
344,27,17,-1.6183962154856513,LHCII
345,85,82,0.09519977738150888,LHCII
346,11,117,0.0,LHCII
347,35,139,-0.2855993321445267,LHCII
348,5,32,-1.1423973285781066,LHCII
349,26,-2,-2.951193098826777,LHCII
350,-9,97,7.901581522665227,LHCII
351,70,-90,-1.3327968833411246,LHCII
352,-77,69,-3.9031908726418667,LHCII
353,61,-115,0.28559933214452654,LHCII
354,22,122,0.0,LHCII
355,78,104,5.997585975035055,LHCII
356,79,-44,-1.7135959928671602,LHCII
357,118,73,0.6663984416705622,LHCII
358,-19,-136,0.0,LHCII
359,1,146,1.5231964381041425,LHCII
360,16,155,2.379994434537723,LHCII
361,101,-103,1.7135959928671607,LHCII
362,-75,-81,-3.3319922083528133,LHCII
363,72,-112,-5.521587088127513,LHCII
364,73,63,0.0,LHCII
365,21,-77,-1.2375971059596154,LHCII
366,-35,-92,-2.094395102393196,LHCII
367,68,-118,0.6663984416705623,LHCII
368,-37,38,-0.2855993321445266,LHCII
369,4,-65,0.0,LHCII
370,-54,-39,1.2375971059596156,LHCII
371,-117,117,0.0,LHCII
372,-69,-77,2.5703939893007415,LHCII
373,-33,-46,-2.284794657156214,LHCII
374,-120,88,0.28559933214452654,LHCII
375,52,-144,-10.852774621492017,LHCII
376,-46,6,2.189594879774705,LHCII
377,-104,15,0.0,LHCII
378,148,18,1.6183962154856513,LHCII
379,123,57,-4.188790204786393,LHCII
380,145,-82,-1.1423973285781066,LHCII
381,-95,79,-1.5231964381041425,LHCII
382,-7,90,-2.7755575615628914e-17,LHCII
383,114,-41,0.6663984416705622,LHCII
384,-158,42,-0.5711986642890533,LHCII
385,-115,-114,-1.0471975511965976,LHCII
386,-53,52,1.5231964381041427,LHCII
387,98,-39,0.0,LHCII
388,0,86,-3.236792430971304,LHCII
389,-105,89,-0.5711986642890533,LHCII
390,153,28,0.0,LHCII
391,71,27,6.378385084561089,LHCII
392,-83,64,0.7615982190520713,LHCII
393,97,-109,4.283989982167902,LHCII
394,101,-123,0.0,LHCII
395,30,115,-0.5711986642890532,LHCII
396,67,76,0.0,LHCII
397,156,49,0.0,LHCII
398,-8,-67,0.0,LHCII
399,-88,-81,0.19039955476301784,LHCII
400,98,-59,0.8567979964335799,LHCII
401,-4,-1,0.0,LHCII
402,18,-3,-3.141592653589795,LHCII
403,4,-46,-4.569589314312427,LHCII
404,95,-49,-0.28559933214452665,LHCII
405,20,-59,2.7755575615628914e-17,LHCII
406,-137,-3,0.2855993321445266,LHCII
407,26,106,0.2855993321445267,LHCII
408,-42,-160,-3.427191985734322,LHCII
409,-113,43,2.094395102393196,LHCII
410,-117,-18,0.0,LHCII
411,-39,49,-0.2855993321445267,LHCII
412,-8,-132,2.665593766682251,LHCII
413,15,-52,0.5711986642890534,LHCII
414,79,15,-0.28559933214452665,LHCII
415,93,23,5.235987755982987,LHCII
416,-85,-108,-11.614372840544092,LHCII
417,151,36,-1.7135959928671602,LHCII
418,-38,-144,-5.902386197653547,LHCII
419,128,84,4.093590427404885,LHCII
420,9,-119,2.570393989300741,LHCII
421,-45,116,-3.9031908726418667,LHCII
422,34,93,-2.855993321445268,LHCII
423,96,-118,-3.9031908726418667,LHCII
424,-61,27,0.0,LHCII
425,-23,48,0.4759988869075443,LHCII
426,-75,99,3.522391763115831,LHCII
427,-130,-46,-4.474389536930919,LHCII
428,-123,-4,0.0,LHCII
429,62,-40,-3.8079910952603577,LHCII
430,66,-32,-1.4279966607226333,LHCII
431,-131,105,-0.5711986642890533,LHCII
432,-106,-79,7.330382858376176,LHCII
433,105,51,0.6663984416705622,LHCII
434,-32,51,-5.807186420272038,LHCII
435,-11,2,-1.2375971059596158,LHCII
436,-82,98,-3.7127913178788496,LHCII
437,86,67,-0.5711986642890533,LHCII
438,-13,71,0.8567979964335799,LHCII
439,26,135,-2.951193098826777,LHCII
440,83,-116,-0.5711986642890533,LHCII
441,-92,-40,0.0,LHCII
442,-29,-54,0.0,LHCII
443,-111,-108,0.2855993321445265,LHCII
444,9,-60,0.47599888690754444,LHCII
445,96,-91,4.9503884238384614,LHCII
446,-49,31,0.5711986642890532,LHCII
447,-7,53,-1.8087957702486692,LHCII
448,-57,-4,1.6183962154856513,LHCII
449,125,18,-0.28559933214452654,LHCII
450,-86,-36,-3.7127913178788488,LHCII
451,-14,45,0.09519977738150885,LHCII
452,-80,-89,-2.951193098826777,LHCII
453,121,26,-1.9991953250116872,LHCII
454,-95,-31,0.6663984416705622,LHCII
455,123,65,2.855993321445268,LHCII
456,-40,-131,5.426387310746004,LHCII
457,91,143,-1.0471975511965976,LHCII
458,136,-50,0.0,LHCII
459,-90,123,-1.6183962154856513,LHCII
460,1,-81,0.8567979964335799,LHCII
461,2,-73,3.236792430971304,LHCII
462,0,-53,-3.9983906500233757,LHCII
463,2,-115,-8.472780186954282,LHCII
464,-26,-13,0.6663984416705621,LHCII
465,-19,31,-4.188790204786393,LHCII
466,-98,-1,-6.663984416705616,LHCII
467,1,156,0.5711986642890532,LHCII
468,-8,-117,-4.093590427404885,LHCII
469,95,-138,0.0,LHCII
470,83,22,6.663984416705615,LHCII
471,-44,36,0.8567979964335797,LHCII
472,-113,-26,0.0,LHCII
473,149,-29,4.188790204786393,LHCII
474,9,-74,-4.379189759549411,LHCII
475,-6,105,5.71198664289053,LHCII
476,87,-136,5.045588201219971,LHCII
477,63,81,1.6183962154856513,LHCII
478,-7,167,4.474389536930919,LHCII
479,-5,-159,1.2375971059596163,LHCII
480,-166,35,-0.5711986642890531,LHCII
481,-151,-77,-2.379994434537723,LHCII
482,-48,-47,-1.2375971059596156,LHCII
483,-121,-76,0.9519977738150885,LHCII
484,77,31,0.3807991095260354,LHCII
485,18,134,0.3807991095260355,LHCII
486,-3,-122,-0.5711986642890533,LHCII
487,16,127,0.09519977738150885,LHCII
488,51,-31,0.2855993321445266,LHCII
489,20,168,0.47599888690754444,LHCII
490,106,-115,0.5711986642890531,LHCII
491,-10,-109,2.189594879774705,LHCII
492,-114,-34,-4.759988869075444,LHCII
493,-139,24,-3.236792430971304,LHCII
494,-96,71,0.09519977738150888,LHCII
495,-101,52,-1.1423973285781066,LHCII
496,-151,22,-1.2375971059596156,LHCII
497,-73,152,3.236792430971304,LHCII
498,-56,-54,0.761598219052071,LHCII
499,123,-54,0.8567979964335792,LHCII
500,-29,-63,-0.47599888690754444,LHCII
501,-26,-43,-0.8567979964335798,LHCII
502,-123,99,-1.5231964381041425,LHCII
503,-20,-144,1.0471975511965976,LHCII
504,161,31,-2.094395102393196,LHCII
505,76,-119,-0.38079910952603546,LHCII
506,-131,-14,-0.19039955476301768,LHCII
507,75,48,-2.189594879774705,LHCII
508,63,89,1.8087957702486692,LHCII
509,8,41,-1.7135959928671602,LHCII
510,-9,-86,0.5711986642890533,LHCII
511,-101,95,0.19039955476301768,LHCII
512,-14,106,7.615982190520701,LHCII
513,-1,135,1.0471975511965979,LHCII
514,-90,64,-16.374361709619563,LHCII
515,-1,-105,-0.571198664289054,LHCII
516,159,60,2.4751942119192325,LHCII
517,109,60,-0.666398441670562,LHCII
518,23,22,1.4279966607226333,LHCII
519,-48,44,7.494005416219807e-16,LHCII
520,-7,81,0.2855993321445267,LHCII
521,-63,-151,-1.2375971059596154,LHCII
522,8,100,0.0,LHCII
523,105,-42,-12.375971059596168,LHCII
524,19,115,-0.6663984416705622,LHCII
525,10,146,-0.8567979964335799,LHCII
526,-62,-64,-4.664789091693937,LHCII
527,138,-27,-0.8567979964335799,LHCII
528,-100,103,0.3807991095260356,LHCII
529,156,-53,-0.5711986642890533,LHCII
530,-124,18,0.0,LHCII
531,92,38,1.2375971059596154,LHCII
532,20,-32,0.5711986642890533,LHCII
533,-151,31,0.1903995547630178,LHCII
534,-95,-91,-0.09519977738150896,LHCII
535,18,18,4.664789091693936,LHCII
536,-147,74,0.0,LHCII
537,-3,14,-0.38079910952603546,LHCII
538,-148,64,-2.760793544063759,LHCII
539,-96,-46,-5.902386197653547,LHCII
540,144,-72,1.6183962154856522,LHCII
541,-56,-152,0.09519977738150891,LHCII
542,34,54,0.0,LHCII
543,-27,29,0.6663984416705622,LHCII
544,19,143,0.1903995547630178,LHCII
545,0,109,0.5711986642890534,LHCII
546,89,-122,-2.66559376668225,LHCII
547,65,7,0.0,LHCII
548,21,-39,-0.666398441670562,LHCII
549,-90,136,22.752746794180695,LHCII
550,88,29,-0.28559933214452665,LHCII
551,-123,6,2.760793544063759,LHCII
552,12,11,3.8079910952603577,LHCII
553,0,78,0.19039955476301784,LHCII
554,19,107,-2.2847946571562145,LHCII
555,109,99,0.09519977738150863,LHCII
556,-81,9,0.1903995547630178,LHCII
557,-58,46,1.8087957702486694,LHCII
558,-5,70,5.426387310746003,LHCII
559,-125,26,-1.0471975511965979,LHCII
560,-69,1,-7.425582635757684,LHCII
561,-45,-54,-0.3807991095260356,LHCII
562,-13,-38,1.0471975511965976,LHCII
563,14,-43,1.0471975511965976,LHCII
564,83,-103,1.5231964381041427,LHCII
565,-45,-38,3.9031908726418667,LHCII
566,-23,-93,3.1415926535897944,LHCII
567,-18,4,2.475194211919232,LHCII
568,85,-41,0.09519977738150857,LHCII
569,-79,32,-0.19039955476301773,LHCII
570,113,107,-0.6663984416705623,LHCII
571,107,-129,0.28559933214452654,LHCII
572,-98,133,-0.2855993321445267,LHCII
573,16,99,-0.666398441670562,LHCII
574,-74,13,0.4759988869075442,LHCII
575,-7,-15,-2.094395102393196,LHCII
576,19,-110,17.13595992867164,LHCII
577,-30,-20,0.09519977738150857,LHCII
578,80,73,0.38079910952603546,LHCII
579,44,131,2.7607935440637594,LHCII
580,-91,8,-9.519977738150885,LHCII
581,87,-34,1.4279966607226338,LHCII
582,-60,-143,-1.9991953250116872,LHCII
583,120,50,-4.664789091693936,LHCII
584,118,19,-2.951193098826777,LHCII
585,-158,56,0.0,LHCII
586,-42,-152,0.5711986642890533,LHCII
587,109,-5,0.0,LHCII
588,8,169,-1.3877787807814457e-16,LHCII
589,-10,-167,-10.662375066728998,LHCII
590,69,-2,-2.189594879774705,LHCII
591,112,27,1.6183962154856513,LHCII
592,77,-127,3.8079910952603577,LHCII
593,95,-32,-16.279161932238054,LHCII
594,111,-74,-7.71118196790221,LHCII
595,178,-105,0.0,PSI
596,-58,187,0.0,PSI
597,-37,-218,0.0,PSI
598,-24,-213,-0.09519977738150888,PSI
599,89,179,0.0,PSI
600,-179,106,0.0,PSI
601,43,194,0.0,PSI
602,-169,-71,0.0,PSI
603,-59,-180,0.0,PSI
604,1,-201,0.0,PSI
605,97,-183,0.0,PSI
606,-181,49,0.0,PSI
607,13,-208,0.09519977738150888,PSI
608,-92,-166,0.3807991095260355,PSI
609,-201,-10,0.0,PSI
610,55,172,0.0,PSI
611,-39,200,0.0,PSI
612,-170,95,-3.6175915404973398,PSI
613,-34,-202,3.141592653589795,PSI
614,-94,161,0.0,PSI
615,85,-172,0.0,PSI
616,-41,-183,0.0,PSI
617,113,182,0.0,PSI
618,-109,145,0.0,PSI
619,48,-200,0.0,PSI
620,195,9,0.0,PSI
621,-164,-86,-0.09519977738150888,PSI
622,-97,200,0.0,PSI
623,-206,5,-0.09519977738150885,PSI
624,212,27,0.0,PSI
625,61,207,0.0,PSI
626,-125,-182,0.0,PSI
627,-163,119,0.0,PSI
628,-143,153,0.0,PSI
629,92,-197,0.3807991095260355,PSI
630,-158,156,-0.09519977738150896,PSI
631,168,147,0.09519977738150888,PSI
632,78,209,0.47599888690754427,PSI
633,-184,10,0.0,PSI
634,-175,79,0.0,PSI
635,-44,183,-3.331992208352813,PSI
636,162,-131,0.0,PSI
637,26,197,0.0,PSI
638,87,164,0.6663984416705622,PSI
639,41,179,3.8079910952603577,PSI
640,-153,-161,0.5711986642890533,PSI
641,-28,-179,0.5711986642890532,PSI
642,148,116,0.6663984416705622,PSI
643,172,-142,-1.4279966607226335,PSI
644,135,148,0.0,PSI
645,-8,-214,-0.6663984416705622,PSI
646,-165,67,0.3807991095260356,PSI
647,-196,65,0.0,PSI
648,-202,88,0.0,PSI
649,166,69,0.09519977738150891,PSI
650,-88,-196,0.0,PSI
651,166,51,-0.3807991095260354,PSI
652,-169,-119,0.0,PSI
653,169,93,0.0,PSI
654,-183,-55,0.0,PSI
655,-177,-93,-2.094395102393196,PSI
656,-141,102,-0.09519977738150888,PSI
657,100,189,1.5231964381041425,PSI
658,-77,-182,0.0,PSI
659,-100,-148,-0.7615982190520708,PSI
660,-180,65,0.38079910952603546,PSI
661,4,-222,-0.6663984416705618,PSI
662,-129,-123,0.0,PSI
663,-12,211,0.0,PSI
664,-200,-66,0.0,PSI
665,194,-27,0.0,PSI
666,66,-181,0.0,PSI
667,78,-208,7.139983303613158,PSI
668,-185,-39,-0.19039955476301776,PSI
669,-174,26,-1.2375971059596154,PSI
670,168,-60,0.0,PSI
671,-57,-213,2.7755575615628914e-17,PSI
672,114,-176,0.0,PSI
673,219,2,0.0,PSI
674,180,-34,-1.2375971059596156,PSI
675,-193,102,-0.09519977738150902,PSI
676,-220,-23,0.0,PSI
677,-115,-137,0.2855993321445266,PSI
678,126,182,3.331992208352813,PSI
679,187,116,0.0,PSI
680,133,132,0.8567979964335799,PSI
681,160,124,-1.3327968833411246,PSI
682,221,-22,-3.331992208352813,PSI
683,-210,-76,-0.3807991095260356,PSI
684,192,24,-0.9519977738150888,PSI
685,-116,-153,1.9991953250116872,PSI
686,177,26,-1.6183962154856517,PSI
687,-16,-195,0.0,PSI
688,-30,175,0.5711986642890531,PSI
689,-75,-209,0.5711986642890532,PSI
690,-208,31,0.0,PSI
691,208,75,0.0,PSI
692,-50,-194,-0.19039955476301762,PSI
693,177,131,0.0,PSI
694,218,43,-0.5711986642890533,PSI
695,112,143,7.806381745283718,PSI
696,-71,-196,1.8087957702486692,PSI
697,-138,-113,-0.666398441670562,PSI
698,155,160,0.09519977738150888,PSI
699,-82,179,0.0,PSI
700,145,-125,0.0,PSI
701,-130,158,-1.9991953250116872,PSI
702,-133,-146,0.0,PSI
703,-101,-192,3.141592653589795,PSI
704,154,139,2.570393989300741,PSI
705,163,-115,0.3807991095260356,PSI
706,-158,-101,0.0,PSI
707,65,-198,0.19039955476301776,PSI
708,-199,-26,0.761598219052071,PSI
709,144,169,0.38079910952603535,PSI
710,-143,-129,-1.5231964381041423,PSI
711,-149,-142,0.8567979964335798,PSI
712,-115,-173,-5.1407879786014785,PSI
713,-149,-90,-4.759988869075444,PSI
714,60,-212,4.855188646456953,PSI
715,-4,-185,3.427191985734322,PSI
716,-102,172,-0.6663984416705622,PSI
717,-218,-1,0.2855993321445267,PSI
718,178,-122,-0.5711986642890533,PSI
719,16,187,0.0,PSI
720,-184,-78,-0.09519977738150891,PSI
721,195,79,-0.6663984416705622,PSI
722,11,202,2.379994434537723,PSI
723,-152,-115,0.0,PSI
724,-93,-181,-2.475194211919232,PSI
725,176,4,0.09519977738150888,PSI
726,166,-96,0.9519977738150885,PSI
727,179,56,-0.19039955476301768,PSI
728,156,-82,-3.236792430971304,PSI
729,182,-87,0.0,PSI
730,-160,-130,-4.37918975954941,PSI
731,181,-66,0.761598219052071,PSI
732,138,-137,0.6663984416705622,PSI
733,-64,-166,8.75837951909881,PSI
734,190,-4,-5.616786865509021,PSI
735,-128,-164,0.0,PSI
736,-180,-19,-1.3327968833411246,PSI
737,147,-104,2.0943951023931966,PSI
738,37,219,-0.1903995547630178,PSI
739,102,157,0.9519977738150888,PSI
740,73,172,1.7135959928671602,PSI
741,-178,-130,0.0,PSI
742,189,47,2.7755575615628914e-17,PSI
743,22,213,0.0,PSI
744,119,157,-3.9031908726418667,PSI
745,-77,165,2.189594879774705,PSI
746,22,-221,11.99517195007013,PSI
747,56,190,-5.616786865509021,PSI
748,-24,194,0.0,PSI
749,85,194,4.569589314312427,PSI
750,101,172,2.475194211919232,PSI
751,-77,-164,-8.326672684688674e-17,PSI
752,-201,-40,2.379994434537723,PSI
753,215,57,-0.5711986642890533,PSI
754,-190,78,0.38079910952603546,PSI
755,45,-218,-0.3807991095260355,PSI
756,-192,-90,0.666398441670562,PSI
757,72,187,1.942890293094024e-16,PSI
758,191,-112,0.5711986642890535,PSI
759,193,-96,2.855993321445268,PSI
760,-47,-169,4.759988869075445,PSI
761,-139,-175,1.5231964381041423,PSI
762,164,111,-0.6663984416705622,PSI
763,-129,181,0.0,PSI
764,218,-48,8.326672684688674e-17,PSI
765,-177,-107,-10.757574844110508,PSI
766,-147,138,0.19039955476301784,PSI
767,11,-191,9.615177515532395,PSI
768,-218,-46,-0.3807991095260358,PSI
769,4,179,-1.5231964381041425,PSI
770,-114,-190,0.09519977738150907,PSI
771,10,219,-1.0471975511965974,PSI
772,-164,-149,3.9983906500233766,PSI
773,-70,196,9.995976625058432,PSI
774,169,-76,4.283989982167902,PSI
775,166,-42,0.1903995547630178,PSI
776,-116,164,-0.5711986642890533,PSI
777,204,-9,3.8079910952603577,PSI
778,-189,118,0.1903995547630179,PSI
779,-172,142,1.8087957702486692,PSI
780,28,174,-2.284794657156215,PSI
781,-187,-119,-1.3327968833411246,PSI
782,155,99,-5.521587088127513,B6F
783,-211,-60,-1.6183962154856513,B6F
784,-62,211,0.0,B6F
785,133,118,0.0,B6F
786,-113,178,2.760793544063759,B6F
787,-98,146,3.522391763115831,B6F
788,-195,3,0.4759988869075444,B6F
789,-173,-41,0.761598219052071,B6F
790,-44,-209,-0.3807991095260358,B6F
791,103,-143,-0.3807991095260355,B6F
792,-122,148,0.47599888690754444,B6F
793,22,-184,-1.2375971059596156,B6F
794,29,-210,3.8079910952603577,B6F
795,-105,-160,8.187180854809753,B6F
796,176,104,7.615982190520701,B6F
797,-7,184,5.711986642890531,B6F
798,-9,-226,-7.520782413139193,B6F
799,212,-60,1.9991953250116872,B6F
800,137,-114,-0.2855993321445265,B6F
801,-208,70,-1.1423973285781064,B6F
802,92,204,-5.331187533364496,B6F
803,221,18,0.761598219052071,B6F
804,46,206,-11.233573731018055,B6F
805,-141,-100,0.0,B6F
806,178,-12,-2.66559376668225,B6F
807,-139,-159,-0.5711986642890533,B6F
808,-13,-179,-4.093590427404885,LHCII
809,-197,35,0.0,LHCII
810,76,-179,0.4759988869075444,LHCII
811,-82,154,8.326672684688674e-17,LHCII
812,-22,-171,0.9519977738150885,LHCII
813,-185,129,3.427191985734322,LHCII
814,-59,-200,3.8079910952603577,LHCII
815,23,-201,-0.761598219052071,LHCII
816,-181,35,1.6183962154856513,LHCII
817,-170,-139,-3.2367924309713043,LHCII
818,-127,136,0.0,LHCII
819,187,-127,1.0471975511965979,LHCII
820,114,-191,0.0,LHCII
821,70,200,-1.0471975511965979,LHCII
822,-174,40,0.19039955476301773,LHCII
823,-10,194,0.0,LHCII
824,174,-49,-0.0951997773815088,LHCII
825,-188,-68,1.9991953250116876,LHCII
826,-106,-181,2.189594879774705,LHCII
827,-147,-153,0.19039955476301768,LHCII
828,-181,-2,1.6183962154856513,LHCII
829,-81,196,-0.2855993321445266,LHCII
830,108,-187,1.0471975511965976,LHCII
831,-45,170,1.0471975511965976,LHCII
832,145,145,1.6183962154856515,LHCII
833,-66,170,2.951193098826777,LHCII
834,-87,169,3.141592653589795,LHCII
835,33,-222,1.8087957702486692,LHCII
836,2,-176,-2.284794657156215,LHCII
837,179,42,0.09519977738150885,LHCII
838,221,-35,0.1903995547630178,LHCII
839,68,216,3.046392876208286,LHCII
840,-8,174,1.9991953250116872,LHCII
841,142,137,0.0951997773815088,LHCII
842,92,-147,-0.09519977738150888,LHCII
843,183,35,0.0951997773815088,LHCII
844,-75,208,0.1903995547630178,LHCII
845,-29,-191,0.6663984416705622,LHCII
846,201,52,0.0,LHCII
847,201,-19,8.326672684688674e-17,LHCII
848,-207,-51,0.5711986642890532,LHCII
849,58,219,4.569589314312427,LHCII
850,190,95,0.0,LHCII
851,-97,-203,-1.8087957702486692,LHCII
852,169,-87,0.2855993321445267,LHCII
853,-188,-28,1.0471975511965976,LHCII
854,-61,176,4.283989982167902,LHCII
855,143,-153,0.0,LHCII
856,-123,-144,6.854383971468632,LHCII
857,148,128,-0.8567979964335799,LHCII
858,-103,-171,-6.854383971468632,LHCII
859,-118,-124,-12.375971059596168,LHCII
860,49,219,-1.5231964381041425,LHCII
861,75,-188,1.0471975511965974,LHCII
862,198,35,-0.5711986642890533,LHCII
863,-87,-208,-2.189594879774705,LHCII
864,-191,-11,-0.6663984416705622,LHCII
865,24,225,-0.38079910952603546,LHCII
866,-158,-71,0.0,LHCII
867,-126,-135,0.666398441670562,LHCII
868,-3,197,-0.28559933214452665,LHCII
869,108,-165,-0.47599888690754444,LHCII
870,121,-188,-3.046392876208286,LHCII
871,-100,-138,14.184766829844847,LHCII
872,83,-184,-1.1423973285781064,LHCII
873,-53,177,-0.09519977738150918,LHCII
874,-175,125,0.0,LHCII
875,35,-202,0.0,LHCII
876,185,12,-4.664789091693936,LHCII
877,-197,-79,-2.855993321445268,LHCII
878,31,-174,0.2855993321445267,LHCII
879,83,-154,-0.09519977738150896,LHCII
880,101,144,-2.855993321445268,LHCII
881,-165,135,0.6663984416705622,LHCII
882,-173,7,0.0,LHCII
883,-137,170,0.0,LHCII
884,143,154,0.0951997773815088,LHCII
885,99,-152,-1.2375971059596156,LHCII
886,-162,-63,0.761598219052071,LHCII
887,-178,-31,1.4279966607226335,LHCII
888,32,208,-1.1423973285781066,LHCII
889,14,173,5.71198664289053,LHCII
890,-214,-66,-0.5711986642890533,LHCII
891,151,-115,-0.3807991095260356,LHCII
892,-157,73,-0.19039955476301784,LHCII
893,-115,134,1.8087957702486692,LHCII
894,171,34,1.6183962154856513,LHCII
895,176,67,0.9519977738150888,LHCII
896,163,81,-4.188790204786393,LHCII
897,197,91,0.0,LHCII
898,-210,-24,0.0,LHCII
899,31,187,11.233573731018055,LHCII
900,175,16,-1.9991953250116872,LHCII
901,151,-93,0.9519977738150888,LHCII
902,9,-178,5.140787978601479,LHCII
903,-178,132,-0.6663984416705621,LHCII
904,170,80,-0.09519977738150888,LHCII
905,203,15,0.09519977738150891,LHCII
906,-173,-1,-1.0471975511965976,LHCII
907,21,-195,-3.427191985734322,LHCII
908,-119,129,3.427191985734322,LHCII
909,-132,148,1.1423973285781066,LHCII
910,151,-136,13.80396772031881,LHCII
911,-172,-58,-12.756770169122206,LHCII
912,-2,205,-1.1423973285781066,LHCII
913,91,-155,0.9519977738150885,LHCII
914,101,-169,-0.09519977738150888,LHCII
915,47,165,-0.0951997773815088,LHCII
916,124,-176,3.046392876208286,LHCII
917,-1,222,0.0951997773815088,LHCII
918,-209,-87,6.663984416705615,LHCII
919,213,-36,0.3807991095260356,LHCII
920,102,-203,2.570393989300741,LHCII
921,-3,-170,-5.04558820121997,LHCII
922,-70,184,-2.7755575615628914e-17,LHCII
923,-192,41,-0.2855993321445266,LHCII
924,-152,167,1.9039955476301782,LHCII
925,-197,51,0.0,LHCII
926,135,178,-1.1423973285781064,LHCII
927,-51,214,0.0,LHCII
928,-209,17,-0.2855993321445266,LHCII
929,119,173,0.0,LHCII
930,-22,-225,-1.7135959928671602,LHCII
931,-56,207,0.19039955476301784,LHCII
932,-226,14,0.09519977738150888,LHCII
933,63,178,-0.19039955476301768,LHCII
934,187,-53,0.0,LHCII
935,-107,133,-0.9519977738150885,LHCII
936,-134,111,0.761598219052071,LHCII
937,-224,-36,-0.6663984416705621,LHCII
938,173,119,-0.38079910952603535,LHCII
939,-64,-206,21.99114857512862,LHCII
940,-190,54,-0.6663984416705622,LHCII
941,-117,-163,13.80396772031881,LHCII
942,199,62,0.0,LHCII
943,194,-53,-1.0471975511965976,LHCII
944,29,-191,-16.7551608191456,LHCII
945,-155,127,-1.8087957702486694,LHCII
946,-176,-64,9.043978851243338,LHCII
947,-185,87,0.09519977738150885,LHCII
948,133,-123,-1.2375971059596158,LHCII
949,-10,-204,33.986320525198806,LHCII
950,-185,-101,-4.188790204786394,LHCII
951,170,-24,3.7127913178788488,LHCII
952,-211,82,-0.2855993321445266,LHCII
953,-168,109,-1.6183962154856517,LHCII
954,190,59,3.046392876208286,LHCII
955,127,167,-0.09519977738150874,LHCII
956,-168,56,-0.09519977738150888,LHCII
957,-48,-221,-1.8087957702486692,LHCII
958,117,133,1.0471975511965974,LHCII
959,93,151,0.09519977738150885,LHCII
960,-202,-92,-1.8087957702486692,LHCII
961,-163,50,0.09519977738150896,LHCII
962,47,-182,0.0,LHCII
963,102,201,-2.855993321445268,LHCII
964,-194,-111,-3.046392876208287,LHCII
965,-174,-10,0.2855993321445267,LHCII
966,-191,-49,-2.475194211919232,LHCII
967,154,-142,-0.9519977738150888,LHCII
968,-163,-54,36.84231384664409,LHCII
969,-138,132,-0.3807991095260355,LHCII
970,51,212,-0.761598219052071,LHCII
971,-198,-104,1.4279966607226333,LHCII
972,-72,176,-0.28559933214452665,LHCII
973,-174,-82,1.6183962154856504,LHCII
974,-216,64,-8.326672684688674e-17,LHCII
975,-34,188,-4.855188646456953,LHCII
976,-214,-35,0.3807991095260356,LHCII
977,-151,121,0.0,LHCII
978,37,-188,-20.37275235964296,LHCII
979,-175,-144,-9.329578183387866,LHCII
980,-221,20,16.088762377475035,LHCII
981,111,197,0.0,LHCII
982,-51,197,-1.0471975511965974,LHCII
983,-117,185,-1.1423973285781064,LHCII
984,184,-22,0.2855993321445267,LHCII
985,46,-172,-32.9391229740022,LHCII
986,125,142,-1.2375971059596156,LHCII
987,31,-182,-11.899972172688619,LHCII
988,-196,-55,29.226331656123335,LHCII
989,189,-79,2.094395102393196,LHCII
990,119,193,-1.3327968833411243,LHCII
991,194,-64,0.0,LHCII
992,166,135,-0.9519977738150885,LHCII
993,-204,58,-0.8567979964335799,LHCII
994,40,-177,29.035932101360316,LHCII
995,106,-195,1.4279966607226335,LHCII
996,-220,45,0.0,LHCII
997,-155,145,-2.094395102393196,LHCII
998,-2,213,0.5711986642890533,LHCII
999,188,102,1.6183962154856513,LHCII
1000,180,-134,-2.284794657156214,LHCII
1001,86,149,-8.85357929648032,LHCII
1002,135,160,-1.9991953250116876,LHCII
1003,83,-192,-2.379994434537723,LHCII
1004,179,88,-3.7127913178788488,LHCII
1005,188,88,3.236792430971304,LHCII
1006,53,-187,-13.80396772031881,LHCII
1007,203,-88,3.427191985734322,LHCII
1008,-164,86,0.2855993321445265,LHCII
1009,111,165,-0.7615982190520713,LHCII
1010,-180,93,3.427191985734322,LHCII
1011,195,68,-1.7135959928671605,LHCII
1012,-163,-139,26.275138557296543,LHCII
1013,3,191,-20.753551469168997,LHCII
1014,194,-72,1.7135959928671602,LHCII
1015,-16,225,18.84955592153881,LHCII
1016,-225,27,-0.9519977738150888,LHCII
1017,187,128,19.42075458582786,LHCII
1018,54,-178,3.046392876208285,LHCII
1019,179,-54,8.326672684688674e-17,ATP
1020,-218,56,0.0,ATP
1021,-10,222,0.28559933214452665,ATP
1022,56,-195,-0.09519977738150896,ATP
1023,207,40,2.094395102393196,ATP
1024,-107,-200,0.9519977738150887,ATP
1025,-166,-48,-4.093590427404885,ATP
1026,199,-105,-0.5711986642890531,ATP
1027,-225,-9,-0.5711986642890533,ATP
1028,196,-15,-2.951193098826777,ATP
1029,-190,-106,-2.189594879774705,ATP
1030,-22,180,-0.09519977738150874,ATP
1031,134,167,-5.997585975035055,ATP
1032,204,98,0.0,ATP
1033,-18,-184,2.66559376668225,ATP
1034,37,-210,-2.951193098826777,ATP
1035,-20,217,5.3311875333644965,ATP
1036,-69,-176,-4.664789091693936,ATP
1037,-15,199,0.2855993321445266,ATP
1038,194,107,4.474389536930919,ATP
1039,-199,44,-0.9519977738150885,ATP
1040,-213,75,1.8087957702486694,ATP
1041,205,8,-0.4759988869075442,ATP
1042,129,-114,0.09519977738150891,ATP
1043,-205,77,1.8087957702486692,ATP
1044,-50,-179,-11.89997217268862,ATP
1045,-214,50,1.6183962154856517,ATP
1046,167,40,-1.1423973285781066,ATP
1047,-148,162,-0.4759988869075444,ATP
1048,126,-121,0.09519977738150902,ATP
1049,-186,-6,20.753551469168997,ATP
1050,90,-209,-6.37838508456109,ATP
1051,-106,186,-1.2375971059596156,ATP
1052,40,-195,1.5231964381041425,ATP
1053,-57,201,-1.3327968833411248,ATP
1054,95,-168,0.19039955476301768,ATP
1055,106,-153,0.8567979964335799,ATP
1056,211,16,-1.1423973285781068,ATP
1057,11,-227,1.942890293094024e-16,ATP
1058,44,-189,5.3311875333644965,ATP
1059,-212,43,0.0,ATP
1060,-67,-185,3.9031908726418667,ATP
1061,36,201,-15.517563713185979,ATP
1062,215,-71,-0.9519977738150888,ATP
1063,82,155,24.275943232284845,ATP
1064,128,-184,2.284794657156214,ATP
1065,76,-195,-10.567175289347489,ATP
1066,191,34,0.8567979964335799,ATP
1067,188,-14,0.28559933214452654,ATP
1068,-208,-32,-4.9503884238384614,ATP
1069,77,159,-3.236792430971304,ATP
1070,179,111,1.7135959928671602,ATP
1071,179,-44,-1.7135959928671602,ATP
1072,-107,160,5.331187533364496,ATP
1073,70,-216,0.47599888690754444,ATP
1074,123,-169,2.094395102393196,ATP
1075,-134,-134,-1.0471975511965979,ATP
1076,-84,-174,0.8567979964335791,ATP
1077,-16,187,-2.379994434537723,ATP
1078,186,-41,2.66559376668225,ATP
1079,195,-83,2.094395102393196,ATP
1080,124,-129,0.0,ATP
1081,109,133,11.233573731018055,ATP
1082,-16,178,-8.948779073861829,ATP
1083,178,81,2.6655937666822505,ATP
1084,214,-10,3.236792430971304,ATP
1085,-212,-15,8.377580409572772,ATP
1086,206,-26,-0.6663984416705622,ATP
1087,-171,48,0.0,ATP
1088,-42,219,0.0,ATP
1089,29,-198,1.0471975511965974,ATP
1090,-102,155,2.379994434537723,ATP
1091,209,-54,1.2375971059596154,ATP
1092,-128,-112,-12.375971059596164,ATP
1093,100,-162,-0.09519977738150888,ATP
1094,-21,206,-2.570393989300741,ATP
1095,176,-22,0.6663984416705621,ATP
1096,-91,150,-3.046392876208286,ATP
1097,140,124,-6.663984416705615,ATP
1098,-163,-111,7.806381745283718,ATP
1099,-202,-84,-4.569589314312427,ATP
1100,184,66,0.2855993321445266,ATP
1101,-38,211,7.806381745283717,ATP
1102,-37,167,-0.951997773815089,ATP
1103,160,-145,0.47599888690754444,ATP
1104,63,-169,12.471170836977677,ATP
1105,189,-46,-0.6663984416705622,ATP
1106,-206,46,1.3877787807814457e-16,ATP
1107,-122,172,-3.8079910952603577,ATP
1108,213,66,-6.378385084561089,ATP
1109,-199,13,12.375971059596168,ATP
1110,42,-207,-1.8087957702486692,ATP
1111,-227,6,-0.6663984416705623,ATP
1112,131,-176,0.1903995547630178,ATP
1113,72,-170,10.28157595720296,ATP
1114,-149,-104,-6.283185307179581,ATP
1115,-29,204,-0.3807991095260356,ATP
1116,138,113,6.854383971468633,ATP
1117,-189,33,-2.284794657156214,ATP
1118,92,-161,2.284794657156215,ATP
1119,-174,-51,0.190399554763018,ATP
1120,-36,-172,-18.56395658939428,ATP
1121,196,-45,-0.19039955476301773,ATP
1122,38,-171,30.559128539464467,ATP
1123,-149,110,0.0,ATP
1124,-163,-159,-4.855188646456954,ATP
1125,-27,212,10.852774621492017,ATP
1126,-93,176,-5.235987755982987,ATP
1127,155,-150,-1.4279966607226335,ATP
1128,225,27,-2.284794657156214,ATP
1129,-28,218,7.235183080994667,ATP
1130,120,-133,-1.5231964381041425,ATP
1131,76,-166,-26.94153699896711,ATP
1132,199,99,9.710377292913904,ATP
1133,226,-7,1.4279966607226335,ATP
1134,122,148,-0.9519977738150899,ATP
1135,81,-162,-3.046392876208287,ATP
1136,-47,206,0.8567979964335799,ATP
1137,114,-145,0.0,ATP
1138,152,150,-4.759988869075444,ATP
1139,65,194,0.8567979964335792,ATP
1140,123,-140,0.9519977738150885,ATP
1141,-30,-225,12.566370614359187,ATP
1142,-86,190,1.3877787807814457e-16,ATP
1143,-134,141,2.094395102393196,ATP
1144,-204,-99,18.183157479868242,ATP
1145,-215,11,4.9503884238384614,ATP
1146,-226,-15,-9.424777960769376,ATP
1147,184,81,-27.417535885874656,ATP
1148,-167,-98,3.141592653589795,ATP
1149,126,-162,-2.379994434537724,ATP
1150,-221,35,-50.0750829026739,PSII_mono
1151,-139,121,8.567979964335791,PSII_mono
1152,-86,207,-5.902386197653548,PSII_mono
1153,-156,107,-0.761598219052071,PSII_mono
1154,208,90,-10.09117640243994,PSII_mono
1155,205,-35,-7.615982190520701,PSII_mono
1156,133,-147,3.331992208352813,PSII_mono
1157,203,-48,-8.377580409572772,PSII_mono
1158,-194,23,-7.520782413139193,PSII_mono
1159,161,-156,7.044783526231648,PSII_mono
1160,158,-65,-3.4271919857343263,PSII_mono
1161,116,-161,-19.325554808446352,PSII_mono
1162,-153,83,30.36872898470145,PSII_mono
1163,206,-69,16.94556037390862,PSII_mono
1164,-112,193,-6.378385084561089,PSII_mono
1165,-95,186,-9.424777960769374,PSII_mono
