,x,y,theta,Ptype
0,52,-143,1.0471975511965976,C2S2M2
1,-129,56,1.0471975511965976,C2S2M2
2,55,-94,-8.326672684688674e-17,C2S2M2
3,102,-8,-0.761598219052071,C2S2M2
4,-91,148,0.2855993321445267,C2S2M2
5,-128,-41,-1.9991953250116872,C2S2M2
6,-43,-129,-8.326672684688674e-17,C2S2M2
7,-69,-50,1.9991953250116872,C2S2M2
8,70,-37,0.2855993321445267,C2S2M2
9,-185,-26,-2.189594879774705,C2S2M2
10,20,149,1.4279966607226335,C2S2M2
11,36,-27,-0.5711986642890533,C2S2M2
12,-25,-82,1.4279966607226335,C2S2M2
13,-167,66,3.8079910952603577,C2S2M2
14,-72,37,1.6183962154856515,C2S2M2
15,74,156,0.9519977738150888,C2S2M2
16,41,54,-1.2375971059596156,C2S2M2
17,123,-127,0.761598219052071,C2S2M2
18,89,-127,0.8567979964335799,C2S2M2
19,-115,128,-0.5711986642890533,C2S2M2
20,-14,-6,0.6663984416705621,C2S2M2
21,98,137,-1.0471975511965976,C2S2M2
22,-39,-17,0.9519977738150888,C2S2M2
23,142,-28,-0.3807991095260354,C2S2M2
24,105,44,0.3807991095260356,C2S2M2
25,170,-18,-0.5711986642890533,C2S2M2
26,-100,34,0.6663984416705622,C2S2M2
27,-127,-71,1.6183962154856513,C2S2M2
28,100,-40,0.2855993321445268,C2S2M2
29,3,109,0.4759988869075443,C2S2M2
30,45,-66,-3.522391763115831,C2S2M2
31,-44,148,-1.1423973285781066,C2S2M2
32,-145,26,-2.760793544063759,C2S2M2
33,68,76,0.761598219052071,C2S2M2
34,0,-70,1.5231964381041423,C2S2M2
35,-44,115,-0.5711986642890533,C2S2M2
36,29,5,-1.2375971059596154,C2S2M2
37,-29,51,0.9519977738150888,C2S2M2
38,144,95,1.0471975511965976,C2S2M2
39,38,84,-3.141592653589795,C2S2M2
40,41,-167,-1.1423973285781064,C2S2M2
41,42,-119,0.38079910952603546,C2S2M2
42,151,35,0.4759988869075444,C2S2M2
43,-43,-102,0.8567979964335799,C2S2M2
44,-102,-80,0.5711986642890533,C2S2M2
45,141,-49,-6.3783850845610885,C2S2M2
46,-61,-82,-3.141592653589795,C2S2M2
47,53,133,-0.1903995547630178,C2S2M2
48,-47,36,0.2855993321445265,C2S2
49,-118,84,-1.3327968833411246,C2S2
50,-71,-156,-0.8567979964335799,C2S2
51,-105,-49,-0.19039955476301745,C2S2
52,25,118,-0.2855993321445266,C2S2
53,-3,57,-2.66559376668225,C2S2
54,104,-61,1.4279966607226333,C2S2
55,-124,-98,1.1423973285781064,C2S2
56,109,-88,2.475194211919232,C2S2
57,52,108,-0.761598219052071,C2S2
58,132,-104,-0.0951997773815088,C2S2
59,-20,-32,3.6175915404973398,C2S2
60,88,26,-0.8567979964335799,C2S2
61,7,91,1.1423973285781066,C2S2
62,-153,-29,-0.3807991095260358,C2S2
63,-148,108,2.475194211919232,C2S2
64,11,-35,-0.9519977738150888,C2S2
65,78,-60,2.66559376668225,C2S2
66,-91,-157,1.5231964381041423,C2S2
67,50,155,-2.189594879774705,C2S2
68,108,22,-1.6183962154856513,C2S2
69,-131,108,2.189594879774705,C2S2
70,-107,108,0.3807991095260356,C2S2
71,-104,-110,-0.19039955476301784,C2S2
72,94,-149,1.2375971059596156,C2S2
73,8,17,1.8087957702486692,C2S2
74,71,-13,1.5231964381041425,C2S2
75,-141,76,1.3327968833411246,C2S2
76,72,21,-0.6663984416705624,C2S2
77,-76,133,0.1903995547630179,C2S2
78,-17,-128,-0.47599888690754444,C2S2
79,84,68,1.2375971059596158,C2S2
80,-26,-178,0.19039955476301784,C2S2
81,-71,-132,1.3877787807814457e-16,C2S2
82,92,-89,2.094395102393196,C2S2
83,28,-104,-2.189594879774705,C2S2
84,-63,11,0.6663984416705622,C2S2
85,-124,-127,-1.8087957702486692,C2S2
86,104,98,0.6663984416705622,C2S2
87,52,23,-1.1423973285781064,C2S2
88,133,-9,-2.7607935440637585,C2S2
89,23,177,-8.37758040957277,C2S2
90,52,-8,2.284794657156214,C2S2
91,-22,-160,0.761598219052071,C2S2
92,166,-59,-1.5231964381041425,C2S2
93,-173,24,0.19039955476301768,C2S2
94,-149,-84,1.1423973285781064,C2S2
95,-131,-13,2.855993321445268,C2S2
96,114,-24,0.666398441670562,B6F
97,-28,153,2.475194211919232,B6F
98,-16,15,4.569589314312427,B6F
99,-63,-103,-2.66559376668225,B6F
100,-141,-98,-0.4759988869075442,B6F
101,9,-115,-5.1407879786014785,B6F
102,-91,88,5.426387310746004,B6F
103,-71,176,-4.188790204786393,B6F
104,-35,-57,17.707158592960695,B6F
105,119,16,-5.902386197653547,B6F
106,-179,-56,-4.855188646456953,B6F
107,4,-3,-4.9503884238384614,B6F
108,-144,-61,2.855993321445268,B6F
109,81,-78,-1.9991953250116872,B6F
110,62,-73,-0.09519977738150874,B6F
111,87,46,-1.9991953250116863,B6F
112,128,116,-4.569589314312427,B6F
113,162,59,-2.66559376668225,B6F
114,-48,1,3.712791317878848,B6F
115,65,-108,-1.4279966607226333,B6F
116,63,10,-2.570393989300741,B6F
117,82,-108,-1.9991953250116872,B6F
118,-155,37,-8.091981077428244,B6F
119,82,125,-3.046392876208286,B6F
120,24,97,0.5711986642890532,B6F
121,83,-16,-0.3807991095260358,B6F
122,88,5,3.9031908726418667,B6F
123,67,50,-0.571198664289053,B6F
124,-51,177,-4.569589314312427,B6F
125,-33,-142,2.0943951023931966,B6F
126,-17,-54,-3.427191985734322,B6F
127,35,31,-11.614372840544094,B6F
128,-110,-33,0.571198664289053,LHCII
129,64,-149,0.2855993321445265,LHCII
130,-167,-45,-5.331187533364496,LHCII
131,170,35,5.997585975035055,LHCII
132,-81,-65,-0.5711986642890522,LHCII
133,102,85,5.5215870881275135,LHCII
134,137,51,-5.616786865509021,LHCII
135,-95,128,9.424777960769376,LHCII
136,22,24,-2.855993321445268,LHCII
137,-6,15,-9.043978851243338,LHCII
138,-2,-39,-0.3807991095260358,LHCII
139,19,189,4.759988869075444,LHCII
140,4,-17,-1.5231964381041427,LHCII
141,17,-125,6.283185307179581,LHCII
142,81,-146,-0.6663984416705618,LHCII
143,-14,-110,4.9503884238384614,LHCII
144,-27,-61,-7.615982190520701,LHCII
145,-84,-73,-4.759988869075444,LHCII
146,1,171,-4.759988869075444,LHCII
147,-105,-141,13.232769056029753,LHCII
148,115,0,-3.522391763115831,LHCII
149,-30,102,7.235183080994667,LHCII
150,-169,-19,-7.139983303613158,LHCII
151,81,116,-2.570393989300741,LHCII
152,149,3,-2.855993321445268,LHCII
153,177,70,2.570393989300741,LHCII
154,199,-4,-2.570393989300741,LHCII
155,-21,71,1.2375971059596154,LHCII
156,-57,60,3.7127913178788488,LHCII
157,-94,12,0.666398441670562,LHCII
158,63,37,-4.188790204786393,LHCII
159,-47,186,-2.094395102393196,LHCII
160,36,143,-3.331992208352813,LHCII
161,-43,130,0.7615982190520708,LHCII
162,-18,39,-4.37918975954941,LHCII
163,129,32,-1.2375971059596154,LHCII
164,-111,-18,1.5231964381041427,LHCII
165,124,-84,1.999195325011688,LHCII
166,-78,-29,-5.711986642890531,LHCII
167,124,100,9.043978851243338,LHCII
168,78,3,8.282380632191263,LHCII
169,149,75,3.141592653589795,LHCII
170,-9,-145,-2.0943951023931966,LHCII
171,-21,80,-3.9031908726418667,LHCII
172,145,54,-4.37918975954941,LHCII
173,87,112,-0.2855993321445265,LHCII
174,95,110,6.473584861942598,LHCII
175,151,-8,-0.19039955476301773,LHCII
176,139,64,3.9983906500233766,LHCII
177,-122,18,4.664789091693936,LHCII
178,-124,3,-6.473584861942598,LHCII
179,185,-44,2.9511930988267774,LHCII
180,-178,11,-0.9519977738150885,LHCII
181,-6,23,-4.664789091693936,LHCII
182,63,-60,1.4279966607226338,LHCII
183,-68,120,11.423973285781074,LHCII
184,-30,72,2.855993321445268,LHCII
185,27,50,-4.283989982167902,LHCII
186,-4,165,-2.284794657156214,LHCII
187,-68,66,3.046392876208286,LHCII
188,109,79,3.046392876208286,LHCII
189,169,68,-6.187985529798072,LHCII
190,-5,177,-8.377580409572772,LHCII
191,122,148,-1.5231964381041423,LHCII
192,74,-124,-5.426387310746004,LHCII
193,19,79,-1.9039955476301786,LHCII
194,159,-37,1.3327968833411248,LHCII
195,-32,0,-3.9031908726418667,LHCII
196,56,-28,6.092785752416562,LHCII
197,121,-18,-3.236792430971304,LHCII
198,-15,126,0.6663984416705623,LHCII
199,-74,-20,1.0471975511965979,LHCII
200,-39,169,-4.9503884238384614,LHCII
201,-87,121,-3.7127913178788488,LHCII
202,-93,23,-0.5711986642890531,LHCII
203,-92,-60,5.997585975035055,LHCII
204,-49,24,5.5215870881275135,LHCII
205,162,11,6.283185307179582,LHCII
206,15,-184,4.9503884238384614,LHCII
207,125,-25,1.9991953250116872,LHCII
208,-112,140,-5.331187533364496,LHCII
209,-1,31,-2.1895948797747056,LHCII
210,-119,159,6.378385084561089,LHCII
211,-169,3,-2.4751942119192325,LHCII
212,-128,34,2.855993321445268,LHCII
213,-52,-144,1.9039955476301782,LHCII
214,50,67,-7.330382858376176,LHCII
215,-1,137,3.8079910952603577,LHCII
216,-90,113,-6.092785752416564,LHCII
217,18,35,-5.71198664289053,LHCII
218,114,71,2.284794657156214,LHCII
219,-98,-128,8.187180854809752,LHCII
220,40,11,3.427191985734322,LHCII
221,-1,-30,-2.475194211919232,LHCII
222,-90,61,-1.7135959928671602,LHCII
223,22,-35,0.09519977738150857,LHCII
224,185,45,-1.7135959928671602,LHCII
225,43,-79,-4.474389536930919,LHCII
226,-82,82,-11.80477239530711,LHCII
227,14,-2,-4.664789091693936,LHCII
228,116,-46,-4.664789091693936,LHCII
229,-164,-37,-3.6175915404973398,LHCII
230,-51,-47,-0.28559933214452693,LHCII
231,38,-86,-0.9519977738150885,LHCII
232,101,-111,-4.474389536930918,LHCII
233,186,22,3.9983906500233757,LHCII
234,-38,76,-4.283989982167902,LHCII
235,-167,34,1.9991953250116872,LHCII
236,-140,3,-2.094395102393196,LHCII
237,130,76,-2.189594879774705,LHCII
238,-53,129,1.5231964381041427,LHCII
239,22,-117,4.855188646456953,LHCII
240,-50,76,0.09519977738150874,LHCII
241,-81,112,1.5231964381041427,LHCII
242,197,-24,-0.6663984416705623,LHCII
243,185,6,-0.5711986642890534,LHCII
244,-44,-79,1.5231964381041423,LHCII
245,-163,-72,3.0463928762082864,LHCII
246,164,74,-0.47599888690754444,LHCII
247,-57,68,-4.759988869075444,LHCII
248,161,-4,4.569589314312427,LHCII
249,91,-59,-5.045588201219971,LHCII
250,1,70,-4.759988869075444,LHCII
251,39,117,0.6663984416705623,LHCII
252,75,94,0.4759988869075441,LHCII
253,-148,42,-0.09519977738150857,LHCII
254,63,94,-1.0471975511965974,LHCII
255,37,-12,-6.092785752416564,LHCII
256,5,140,-6.187985529798072,LHCII
257,-32,94,-1.9991953250116876,LHCII
258,-123,-143,-1.0471975511965979,LHCII
259,86,-25,-2.855993321445268,LHCII
260,166,20,-2.570393989300741,LHCII
261,177,-43,5.04558820121997,LHCII
262,-63,-34,4.188790204786393,LHCII
263,-156,82,-8.282380632191263,LHCII
264,-18,150,3.8079910952603577,LHCII
265,-22,96,-4.093590427404885,LHCII
266,-98,-12,10.28157595720296,LHCII
267,-155,-52,5.1407879786014785,LHCII
268,-130,-89,1.9039955476301782,LHCII
269,59,-115,3.046392876208286,LHCII
270,153,56,7.04478352623165,LHCII
271,0,156,1.2375971059596158,LHCII
272,158,90,4.569589314312428,LHCII
273,141,-77,1.8087957702486692,LHCII
274,-30,125,4.379189759549411,LHCII
275,17,-137,5.5215870881275135,LHCII
276,120,-51,4.855188646456953,LHCII
277,-53,-95,3.6175915404973407,LHCII
278,-117,28,8.948779073861829,LHCII
279,-25,-149,9.900776847676923,LHCII
280,125,-42,5.235987755982987,LHCII
281,-6,128,2.66559376668225,LHCII
282,-3,45,-10.757574844110506,LHCII
283,-43,-166,-5.902386197653547,LHCII
284,-79,-79,-3.9031908726418667,LHCII
285,65,0,5.426387310746004,LHCII
286,100,74,-6.378385084561089,LHCII
287,-41,96,-4.474389536930919,LHCII
288,119,56,6.663984416705615,LHCII
289,141,7,-1.6183962154856513,LHCII
290,40,104,-0.2855993321445263,LHCII
291,18,-20,-6.663984416705615,LHCII
292,71,123,3.7127913178788488,LHCII
293,17,-85,0.951997773815089,LHCII
294,-95,-92,-2.379994434537723,LHCII
295,-115,-137,1.3327968833411248,LHCII
296,-106,10,-0.5711986642890534,LHCII
297,180,62,6.092785752416565,LHCII
298,136,-84,1.9039955476301782,LHCII
299,131,83,-5.235987755982987,LHCII
300,-54,52,12.947169723885224,LHCII
301,142,-68,-2.66559376668225,LHCII
302,84,-48,1.9039955476301782,LHCII
303,-74,145,-7.806381745283718,LHCII
304,-32,-107,2.2847946571562145,LHCII
305,35,134,-6.949583748850141,LHCII
306,32,-136,-2.855993321445268,LHCII
307,28,-151,-2.379994434537723,LHCII
308,2,-141,-0.5711986642890531,LHCII
309,33,159,-4.093590427404885,LHCII
310,118,64,1.3327968833411248,LHCII
311,13,-192,-2.570393989300741,LHCII
312,173,59,-8.091981077428244,LHCII
313,138,77,-4.569589314312427,LHCII
314,-114,-72,5.616786865509021,LHCII
315,113,-140,-1.3327968833411243,LHCII
316,-93,53,-2.66559376668225,LHCII
317,218,15,-2.855993321445268,LHCII
318,-21,-192,-3.141592653589795,LHCII
319,22,-164,3.6175915404973398,LHCII
320,-176,-8,-6.187985529798073,LHCII
321,73,-83,-7.806381745283718,LHCII
322,70,-74,-0.7615982190520708,LHCII
323,78,136,-2.5703939893007415,LHCII
324,160,105,4.474389536930919,LHCII
325,118,133,4.283989982167902,LHCII
326,-58,170,1.9991953250116872,LHCII
327,-15,30,5.426387310746004,LHCII
328,1,-107,7.520782413139193,LHCII
329,-164,-53,-3.522391763115831,LHCII
330,-125,-111,-7.425582635757683,LHCII
331,23,-142,-2.570393989300741,LHCII
332,71,-100,-7.235183080994667,LHCII
333,-102,159,-1.2375971059596154,LHCII
334,153,-72,3.9031908726418667,LHCII
335,-104,67,10.47197551196598,LHCII
336,35,98,5.71198664289053,LHCII
337,11,38,-4.855188646456953,LHCII
338,2,-121,-8.187180854809753,LHCII
339,-167,-82,0.7615982190520708,LHCII
340,-62,-68,3.9983906500233757,LHCII
341,111,8,-1.2375971059596158,LHCII
342,-57,-116,2.284794657156214,LHCII
343,130,58,1.2375971059596154,LHCII
344,-53,138,-3.236792430971304,LHCII
345,2,39,5.04558820121997,LHCII
346,70,39,-8.326672684688674e-17,LHCII
347,-73,-69,5.807186420272038,LHCII
348,-114,49,3.3319922083528133,LHCII
349,-63,-7,-0.09519977738150902,LHCII
350,-55,-24,2.8559933214452684,LHCII
351,43,35,-6.473584861942599,LHCII
352,10,132,-5.426387310746004,LHCII
353,19,-57,-1.9039955476301782,LHCII
354,-33,-152,2.855993321445268,LHCII
355,8,164,-8.85357929648032,LHCII
356,160,-46,-6.759184194087123,LHCII
357,168,51,3.427191985734322,LHCII
358,-85,6,0.6663984416705624,LHCII
359,-105,49,1.9039955476301786,LHCII
360,24,60,3.522391763115831,LHCII
361,-26,177,1.6183962154856513,LHCII
362,-90,78,-5.807186420272038,LHCII
363,-73,-8,2.951193098826777,LHCII
364,-88,-46,2.3799944345377235,LHCII
365,52,-81,-5.331187533364496,LHCII
366,-33,83,1.0471975511965979,LHCII
367,-70,97,1.9039955476301786,LHCII
368,-97,65,7.235183080994666,LHCII
369,117,-69,1.3327968833411243,LHCII
370,56,-52,0.7615982190520713,LHCII
371,9,-158,3.9983906500233757,LHCII
372,-132,-117,-4.37918975954941,LHCII
373,178,-34,-0.3807991095260358,LHCII
374,-56,-39,4.093590427404885,LHCII
375,-33,161,-3.9031908726418667,LHCII
376,8,46,3.6175915404973398,LHCII
377,26,-84,0.5711986642890531,LHCII
378,122,82,4.855188646456954,LHCII
379,-158,-2,7.996781300046735,LHCII
380,-15,48,-1.1423973285781064,LHCII
381,-170,11,-0.9519977738150885,LHCII
382,-88,-4,5.807186420272038,LHCII
383,97,-25,-4.855188646456954,LHCII
384,-63,111,0.7615982190520708,LHCII
385,27,166,0.5711986642890531,LHCII
386,47,-54,-2.760793544063759,LHCII
387,-66,88,-9.043978851243336,LHCII
388,116,90,-1.9039955476301782,LHCII
389,-70,54,0.3807991095260358,LHCII
390,-160,-11,1.7135959928671602,LHCII
391,124,42,4.188790204786393,LHCII
392,124,-74,4.188790204786392,LHCII
393,-17,105,-6.37838508456109,LHCII
394,-41,-37,4.474389536930919,LHCII
395,-154,6,-0.9519977738150894,LHCII
396,-65,-173,-4.664789091693936,LHCII
397,-16,178,7.806381745283717,LHCII
398,-177,38,1.6183962154856517,LHCII
399,-63,-123,-5.04558820121997,LHCII
400,156,69,-3.427191985734322,LHCII
401,93,-107,1.1423973285781068,LHCII
402,121,3,-6.5687846393241065,LHCII
403,-120,11,-0.7615982190520708,LHCII
404,77,-94,-2.8559933214452693,LHCII
405,-38,66,3.9983906500233757,LHCII
406,-207,1,0.28559933214452693,LHCII
407,-85,-36,5.04558820121997,LHCII
408,175,6,2.284794657156214,LHCII
409,115,125,-2.475194211919232,LHCII
410,84,95,-2.8559933214452684,LHCII
411,-95,-31,8.377580409572772,LHCII
412,-71,-106,-2.0943951023931953,LHCII
413,-23,109,-3.8079910952603577,LHCII
414,-62,94,-0.09519977738150857,LHCII
415,91,155,-3.427191985734322,LHCII
416,67,-163,5.1407879786014785,LHCII
417,-60,123,0.666398441670562,LHCII
418,-116,-12,1.1423973285781068,LHCII
419,-22,-143,-5.426387310746003,LHCII
420,85,87,-0.47599888690754466,LHCII
421,-137,-23,-1.0471975511965974,LHCII
422,120,35,6.283185307179584,LHCII
423,-64,103,-2.1895948797747056,LHCII
424,-153,62,-0.38079910952603563,LHCII
425,-28,28,-1.9991953250116872,LHCII
426,93,-162,-1.0471975511965979,LHCII
427,-101,59,-3.236792430971304,LHCII
428,22,-93,-1.2375971059596158,LHCII
429,15,60,-1.6183962154856513,LHCII
430,-58,-15,-7.425582635757683,LHCII
431,123,48,-3.7127913178788488,LHCII
432,78,-161,-5.426387310746004,LHCII
433,-56,-170,-3.427191985734322,LHCII
434,21,-65,5.426387310746005,LHCII
435,-95,-180,-0.7615982190520713,LHCII
436,-6,-20,-8.567979964335791,LHCII
437,-83,-95,-4.474389536930919,LHCII
438,-180,-47,-5.5215870881275135,LHCII
439,108,120,-5.1407879786014785,LHCII
440,56,41,-7.425582635757684,LHCII
441,-145,59,-4.759988869075444,LHCII
442,64,-129,-0.19039955476301762,LHCII
443,-76,119,-3.7127913178788488,LHCII
444,92,-29,-1.5231964381041427,LHCII
445,132,-63,-4.093590427404885,LHCII
446,48,171,-5.04558820121997,LHCII
447,12,-65,6.7591841940871245,LHCII
448,-140,12,-5.1407879786014785,LHCII
449,-76,0,0.85679799643358,LHCII
450,-7,-116,-0.571198664289053,LHCII
451,61,-158,0.38079910952603535,LHCII
452,78,-116,-1.9991953250116872,LHCII
453,-17,-101,18.087957702486733,LHCII
454,-57,27,-5.616786865509021,LHCII
455,123,70,3.046392876208286,LHCII
456,36,-151,2.475194211919232,LHCII
457,153,-93,0.9519977738150885,LHCII
458,127,107,1.7135959928671602,LHCII
459,-23,143,1.4279966607226333,LHCII
460,-149,53,-3.046392876208287,LHCII
461,176,52,-4.093590427404885,LHCII
462,35,125,4.188790204786393,LHCII
463,135,14,-9.424777960769376,LHCII
464,-82,61,-0.8567979964335801,LHCII
465,-7,39,-2.855993321445268,LHCII
466,-49,65,-4.188790204786393,LHCII
467,140,-92,10.28157595720296,LHCII
468,-66,-17,7.996781300046735,LHCII
469,18,44,-0.7615982190520713,LHCII
470,-37,23,8.377580409572772,LHCII
471,-72,-179,-5.997585975035055,LHCII
472,39,174,2.094395102393196,LHCII
473,148,116,-5.426387310746004,LHCII
474,-99,-4,-9.900776847676923,LHCII
475,-63,162,2.094395102393196,LHCII
476,6,-169,-0.38079910952603563,LHCII
477,-56,1,4.37918975954941,LHCII
478,-113,58,0.09519977738150918,LHCII
479,92,122,-6.092785752416565,LHCII
480,-34,132,-6.378385084561089,LHCII
481,70,-143,-8.85357929648032,LHCII
482,25,-73,-5.1407879786014785,LHCII
483,-31,20,0.19039955476301806,LHCII
484,129,66,1.2375971059596154,LHCII
485,33,69,1.1423973285781068,LHCII
486,-46,-55,-0.9519977738150885,LHCII
487,-90,102,2.6655937666822505,LHCII
488,-165,85,0.28559933214452676,LHCII
489,99,-171,3.8079910952603577,LHCII
490,20,105,2.189594879774705,LHCII
491,-86,-54,4.283989982167902,LHCII
492,-29,-114,0.666398441670562,LHCII
493,-3,-184,-2.570393989300741,LHCII
494,-173,-36,-3.236792430971304,LHCII
495,127,19,-0.9519977738150885,LHCII
496,125,139,8.377580409572772,LHCII
497,138,21,-3.236792430971304,LHCII
498,38,-51,-0.2855993321445268,LHCII
499,87,102,3.6175915404973398,LHCII
500,106,110,-4.950388423838462,LHCII
501,-74,61,-7.615982190520701,LHCII
502,-52,-183,0.666398441670562,LHCII
503,-92,70,-0.09519977738150874,LHCII
504,183,-1,3.427191985734322,LHCII
505,23,-47,9.04397885124334,LHCII
506,-149,-12,-3.8079910952603577,LHCII
507,-84,-139,-1.0471975511965979,LHCII
508,-183,-1,-7.615982190520701,LHCII
509,-16,114,2.189594879774705,LHCII
510,-68,-116,-3.6175915404973398,LHCII
511,-134,7,-6.568784639324107,LHCII
512,-24,-45,-5.045588201219971,LHCII
513,96,62,6.854383971468633,LHCII
514,-150,-3,0.38079910952603657,LHCII
515,-116,66,6.187985529798073,LHCII
516,72,-157,3.427191985734322,LHCII
517,75,112,3.61759154049734,LHCII
518,-91,-138,-2.66559376668225,LHCII
519,-104,87,-1.8087957702486692,LHCII
520,44,-44,-13.137569278648243,LHCII
521,62,116,-1.7135959928671607,LHCII
522,23,-157,-5.711986642890531,LHCII
523,28,-60,-6.94958374885014,LHCII
524,-9,149,3.522391763115831,LHCII
525,133,38,4.093590427404885,LHCII
526,4,150,-1.5231964381041423,LHCII
527,104,-135,-6.283185307179582,LHCII
528,102,-102,-1.2375971059596158,LHCII
529,172,25,1.2375971059596158,LHCII
530,56,169,-1.4279966607226333,LHCII
531,-23,-109,8.948779073861829,LHCII
532,131,98,1.8087957702486692,LHCII
533,-11,170,-4.474389536930919,LHCII
534,-25,12,-0.5711986642890531,LHCII
535,-67,150,5.045588201219971,LHCII
536,8,-128,3.141592653589795,LHCII
537,16,-148,-6.9495837488501415,LHCII
538,-26,-20,-1.9039955476301782,LHCII
539,-89,-122,-2.1895948797747056,LHCII
540,-47,103,-0.4759988869075442,LHCII
541,120,-59,-6.283185307179581,LHCII
542,199,-34,2.3799944345377235,LHCII
543,-145,-113,-1.2375971059596154,LHCII
544,131,-70,-1.1423973285781064,LHCII
545,115,111,-0.666398441670562,LHCII
546,147,16,-4.093590427404885,LHCII
547,-154,-99,4.664789091693936,LHCII
548,7,67,-1.5231964381041436,LHCII
549,-49,-33,-7.806381745283718,LHCII
550,20,-7,3.522391763115831,LHCII
551,-66,142,5.616786865509021,LHCII
552,118,-38,7.330382858376176,LHCII
553,65,102,0.5711986642890531,LHCII
554,107,-113,-1.0471975511965979,LHCII
555,25,69,-0.28559933214452693,LHCII
556,-75,91,-6.283185307179581,LHCII
557,-23,166,5.235987755982987,LHCII
558,-18,134,2.094395102393196,LHCII
559,-2,-94,4.664789091693936,LHCII
560,-72,112,3.6175915404973398,LHCII
561,171,-3,2.951193098826777,LHCII
562,-67,75,6.949583748850141,LHCII
563,72,-134,5.71198664289053,LHCII
564,-58,-152,-3.331992208352813,LHCII
565,85,-165,6.5687846393241065,LHCII
566,-100,-25,2.4751942119192325,LHCII
567,114,-105,-9.805577070295413,LHCII
568,179,18,2.66559376668225,LHCII
569,64,170,-4.569589314312427,LHCII
570,35,168,-2.2847946571562145,LHCII
571,-11,-90,-1.1423973285781068,LHCII
572,-4,-166,-0.666398441670562,LHCII
573,-90,-130,-9.519977738150885,LHCII
574,108,65,-7.806381745283718,LHCII
575,24,-13,2.498001805406602e-16,LHCII
576,-85,25,2.570393989300741,LHCII
577,-93,-102,4.188790204786393,LHCII
578,73,131,-2.2847946571562145,LHCII
579,41,71,-0.09519977738150902,LHCII
580,9,-136,-0.2855993321445265,LHCII
581,-79,-109,7.044783526231648,LHCII
582,153,-82,1.5231964381041423,LHCII
583,107,-123,-1.237597105959615,LHCII
584,-19,160,-0.2855993321445265,LHCII
585,89,56,-1.9991953250116885,LHCII
586,-23,186,-0.09519977738150874,LHCII
587,-43,-47,9.900776847676923,LHCII
588,150,-16,12.851969946503715,LHCII
589,39,19,-3.9031908726418667,LHCII
590,16,72,3.046392876208286,LHCII
591,168,-41,13.042369501266734,LHCII
592,37,-42,-2.475194211919232,LHCII
593,93,86,5.997585975035055,LHCII
594,-58,78,-3.141592653589795,LHCII
595,154,80,0.2855993321445274,LHCII
596,39,-139,4.664789091693936,LHCII
597,28,131,-9.995976625058432,LHCII
598,-113,-58,1.0471975511965974,LHCII
599,-80,-10,-3.236792430971304,LHCII
600,31,22,-1.9039955476301782,LHCII
601,-36,-65,-0.9519977738150885,LHCII
602,-99,75,-2.855993321445268,LHCII
603,-70,158,-0.5711986642890531,LHCII
604,-10,160,-2.094395102393196,LHCII
605,-31,-49,-3.046392876208286,LHCII
606,-161,51,-1.9039955476301795,LHCII
607,-185,42,3.7127913178788488,LHCII
608,23,-174,-5.902386197653547,LHCII
609,-107,-127,2.855993321445268,LHCII
610,-84,-85,-3.141592653589795,LHCII
611,25,37,7.044783526231652,LHCII
612,16,-74,-7.901581522665227,LHCII
613,65,-171,-5.331187533364496,LHCII
614,9,-148,-15.612763490567488,LHCII
615,13,-13,-1.0471975511965974,LHCII
616,33,151,-5.426387310746004,LHCII
617,24,-132,-2.855993321445269,LHCII
618,185,54,-10.091176402439942,LHCII
619,31,-144,1.0471975511965974,LHCII
620,-15,76,-3.522391763115831,LHCII
621,-44,11,-2.570393989300741,LHCII
622,-12,-81,-0.28559933214452693,LHCII
623,1,129,1.3327968833411243,LHCII
624,-55,-67,0.19039955476301806,LHCII
625,-160,-61,-7.806381745283717,LHCII
626,-15,-66,4.474389536930919,LHCII
627,-13,-73,-7.235183080994667,LHCII
628,-170,-61,-5.997585975035054,LHCII
629,-39,5,19.89675347273541,LHCII
630,-43,-156,-3.236792430971304,LHCII
631,150,63,1.1423973285781064,LHCII
632,31,43,0.38079910952603535,LHCII
633,-48,91,-1.3327968833411248,LHCII
634,130,-89,-5.997585975035055,LHCII
635,9,-102,-5.71198664289053,LHCII
636,-157,-41,-0.666398441670562,LHCII
637,-101,95,10.662375066728998,LHCII
638,128,6,-1.0471975511965983,LHCII
639,163,-30,-3.7127913178788488,LHCII
640,-46,-66,-13.232769056029753,LHCII
641,-182,-112,1.7135959928671602,LHCII
642,11,-174,4.9503884238384614,LHCII
643,146,-85,-2.66559376668225,LHCII
644,-74,104,1.0471975511965965,LHCII
645,-39,178,-0.666398441670562,LHCII
646,-14,143,-2.0943951023931953,LHCII
647,-36,13,17.326359483434654,LHCII
648,131,-79,-2.76079354406376,LHCII
649,-73,81,1.8087957702486692,LHCII
650,12,-93,-0.2855993321445265,LHCII
651,-196,20,-3.236792430971304,LHCII
652,165,3,3.8079910952603586,LHCII
653,-93,3,1.3327968833411243,LHCII
654,-107,-67,3.2367924309713043,LHCII
655,145,-98,0.47599888690754455,LHCII
656,156,4,-7.044783526231649,LHCII
657,78,102,-0.7615982190520708,LHCII
658,151,-65,16.65996104176409,LHCII
659,114,-118,-3.522391763115831,LHCII
660,160,-77,3.0463928762082872,LHCII
661,123,26,-7.235183080994666,LHCII
662,-74,71,15.89836282271202,LHCII
663,-25,89,1.5231964381041423,LHCII
664,154,11,-1.5231964381041423,LHCII
665,-62,53,7.235183080994666,LHCII
666,-14,93,7.711181967902209,LHCII
667,-86,95,3.141592653589795,LHCII
668,170,14,10.471975511965978,LHCII
669,-97,119,-4.855188646456953,LHCII
670,68,-117,12.661570391740696,LHCII
671,35,-79,-7.330382858376176,LHCII
672,188,62,-8.85357929648032,LHCII
673,-137,92,1.2375971059596154,LHCII
674,-125,26,-2.9511930988267774,LHCII
675,-46,57,9.329578183387865,LHCII
676,-155,-67,-1.3327968833411243,LHCII
677,140,117,5.331187533364496,LHCII
678,-87,-25,-5.997585975035056,LHCII
679,-188,-49,-1.9039955476301782,LHCII
680,-109,73,1.7135959928671607,LHCII
681,-3,-48,7.330382858376176,LHCII
682,18,51,-5.426387310746004,LHCII
683,87,149,15.612763490567485,LHCII
684,21,87,-3.427191985734322,LHCII
685,110,-150,1.0471975511965974,LHCII
686,11,-53,-2.760793544063759,LHCII
687,-9,119,7.04478352623165,LHCII
688,-9,-102,1.7135959928671602,LHCII
689,-51,-158,-6.092785752416564,LHCII
690,-78,17,-9.329578183387866,LHCII
691,30,-52,-0.38079910952603446,LHCII
692,155,18,1.999195325011688,LHCII
693,179,31,-10.09117640243994,LHCII
694,142,70,0.4759988869075451,LHCII
695,-9,136,10.757574844110508,LHCII
696,-2,-151,3.331992208352813,LHCII
697,-100,-135,-6.854383971468633,LHCII
698,-86,52,-6.663984416705615,LHCII
699,-10,71,12.375971059596166,LHCII
700,-69,193,5.711986642890531,LHCII
701,142,44,15.136764603659943,LHCII
702,-85,-173,5.71198664289053,LHCII
703,185,72,-4.474389536930919,LHCII
704,169,43,-2.475194211919232,LHCII
705,-22,127,-2.1895948797747056,LHCII
706,-6,-177,-4.664789091693936,LHCII
707,-117,-29,-4.664789091693936,LHCII
708,8,77,-4.759988869075444,LHCII
709,-143,-51,1.3327968833411243,LHCII
710,-114,21,-1.9039955476301786,LHCII
711,-55,104,-3.3319922083528133,LHCII
712,-100,-37,-3.522391763115831,LHCII
713,-54,95,-0.8567979964335797,LHCII
714,-83,73,-1.2375971059596154,LHCII
715,155,-101,-10.37677573458447,LHCII
716,-67,-27,3.522391763115831,LHCII
717,-55,87,4.759988869075444,LHCII
718,-117,41,-4.664789091693936,LHCII
719,5,-87,-1.0471975511965979,LHCII
720,-31,173,-9.329578183387865,LHCII
721,-142,-44,-4.188790204786394,LHCII
722,148,-114,-8.282380632191263,LHCII
723,-86,-17,-1.8087957702486697,LHCII
724,126,91,9.329578183387868,LHCII
725,161,26,7.520782413139193,LHCII
726,-81,102,-2.475194211919232,LHCII
727,-147,-70,10.28157595720296,LHCII
728,-74,-98,4.283989982167902,LHCII
729,-52,163,1.2375971059596158,LHCII
730,109,150,7.044783526231649,LHCII
731,-7,79,-3.236792430971304,LHCII
732,-4,-128,-11.423973285781074,LHCII
733,-115,-3,3.8079910952603577,LHCII
734,131,46,-9.805577070295415,LHCII
735,58,58,-15.23196438104145,LHCII
736,113,142,-5.5215870881275135,LHCII
737,-41,87,0.2855993321445268,LHCII
738,-59,147,2.570393989300741,LHCII
739,129,132,-11.99517195007013,LHCII
740,-24,-101,-3.331992208352813,LHCII
741,-178,139,2.284794657156214,PSI
742,178,159,-6.283185307179581,PSI
743,-182,-68,-4.283989982167902,PSI
744,-143,-127,4.855188646456953,PSI
745,122,-157,-1.7135959928671602,PSI
746,74,190,1.8087957702486692,PSI
747,6,205,1.1423973285781066,PSI
748,184,-91,0.19039955476301784,PSI
749,-139,-203,-4.759988869075444,PSI
750,-195,114,-0.38079910952603535,PSI
751,167,-186,-4.664789091693936,PSI
752,133,201,0.5711986642890533,PSI
753,56,-243,2.66559376668225,PSI
754,228,85,0.09519977738150896,PSI
755,213,-84,-0.3807991095260356,PSI
756,-115,-152,2.0943951023931966,PSI
757,169,-90,-0.9519977738150888,PSI
758,58,185,-2.379994434537723,PSI
759,216,-26,0.19039955476301768,PSI
760,190,34,-1.9039955476301786,PSI
761,67,-222,-1.3327968833411246,PSI
762,-54,-242,0.2855993321445265,PSI
763,-193,57,0.0951997773815088,PSI
764,-155,-136,-1.7135959928671602,PSI
765,73,213,3.427191985734322,PSI
766,146,157,-3.141592653589795,PSI
767,44,190,-0.6663984416705628,PSI
768,-235,-7,-0.2855993321445265,PSI
769,93,-179,-1.6183962154856513,PSI
770,-94,176,-0.8567979964335797,PSI
771,-169,179,-0.1903995547630179,PSI
772,50,-229,-5.426387310746004,PSI
773,243,2,-0.6663984416705622,PSI
774,167,94,-2.475194211919232,PSI
775,158,-172,0.8567979964335797,PSI
776,-248,-15,1.3327968833411243,PSI
777,46,228,0.3807991095260358,PSI
778,149,-134,-2.570393989300741,PSI
779,-220,-22,2.570393989300741,PSI
780,197,-87,-2.189594879774705,PSI
781,220,-43,-0.38079910952603546,PSI
782,199,88,-0.3807991095260356,PSI
783,-82,188,1.0471975511965976,PSI
784,50,212,3.9983906500233757,PSI
785,22,212,-0.3807991095260356,PSI
786,-149,201,2.4751942119192325,PSI
787,-63,235,-3.236792430971304,PSI
788,137,145,-0.3807991095260356,PSI
789,245,25,2.284794657156214,PSI
790,-98,221,0.0951997773815088,PSI
791,-126,166,3.141592653589795,PSI
792,71,-206,1.1423973285781066,PSI
793,72,-236,1.7135959928671598,PSI
794,-163,104,1.0471975511965979,PSI
795,-72,-228,-9.043978851243338,PSI
796,198,-60,-0.4759988869075442,PSI
797,-194,-3,5.997585975035055,PSI
798,142,-164,0.9519977738150888,PSI
799,-98,-216,-2.760793544063759,PSI
800,-197,-61,2.189594879774705,PSI
801,58,241,-3.6175915404973398,PSI
802,100,219,-2.0943951023931966,PSI
803,-111,-223,3.1415926535897953,PSI
804,-228,-98,2.66559376668225,PSI
805,175,177,-0.0951997773815088,PSI
806,197,-102,-2.379994434537723,PSI
807,-210,-100,-1.5231964381041425,PSI
808,152,-155,0.28559933214452665,PSI
809,185,83,-0.8567979964335797,PSI
810,135,167,-2.951193098826777,PSI
811,-168,151,1.5231964381041423,PSI
812,165,-134,-0.19039955476301773,PSI
813,129,-174,0.8567979964335797,PSI
814,-153,179,-2.7755575615628914e-17,PSI
815,-218,99,0.5711986642890533,PSI
816,-129,-182,2.570393989300741,PSI
817,-212,-56,-5.426387310746004,PSI
818,91,-221,-0.3807991095260355,PSI
819,0,-206,3.141592653589795,PSI
820,-213,-71,-7.139983303613158,PSI
821,222,-72,-1.4279966607226335,PSI
822,-192,136,6.187985529798073,PSI
823,225,70,0.19039955476301762,PSI
824,87,-205,0.7615982190520708,PSI
825,29,196,-2.379994434537723,PSI
826,-84,220,-3.9983906500233757,PSI
827,15,-241,0.38079910952603535,PSI
828,112,-223,1.5231964381041425,PSI
829,96,194,-1.1423973285781064,PSI
830,246,-31,1.0471975511965976,PSI
831,-215,-39,0.09519977738150874,PSI
832,-174,163,-1.7135959928671605,PSI
833,-124,147,-1.2375971059596154,PSI
834,-142,-181,-0.7615982190520708,PSI
835,61,226,3.046392876208286,PSI
836,182,-63,-1.2375971059596156,PSI
837,178,-139,-2.66559376668225,PSI
838,211,74,1.9991953250116872,PSI
839,220,-10,0.19039955476301784,PSI
840,16,225,8.948779073861829,PSI
841,103,178,-2.475194211919232,PSI
842,233,-89,0.5711986642890533,PSI
843,177,107,-2.570393989300741,PSI
844,-175,94,1.6183962154856515,PSI
845,-238,-43,-3.046392876208286,PSI
846,126,179,-3.331992208352813,PSI
847,-177,-99,-1.9991953250116872,PSI
848,123,160,-0.3807991095260356,PSI
849,-213,19,3.236792430971304,PSI
850,-239,-27,-0.6663984416705622,PSI
851,-126,213,-1.8087957702486692,PSI
852,117,221,-1.6183962154856513,PSI
853,197,-129,1.9991953250116872,PSI
854,-199,-75,8.282380632191263,PSI
855,-162,136,-0.6663984416705618,PSI
856,215,91,-1.7135959928671594,PSI
857,-177,113,-0.8567979964335799,PSI
858,-47,246,-2.094395102393196,PSI
859,154,-193,-2.0943951023931966,PSI
860,-111,-190,3.046392876208286,PSI
861,-206,105,-2.094395102393196,PSI
862,-250,0,2.284794657156214,PSI
863,242,-54,0.8567979964335799,PSI
864,-192,94,-1.9039955476301782,PSI
865,-152,129,8.75837951909881,PSI
866,-89,-199,0.85679799643358,PSI
867,226,-107,0.09519977738150907,PSI
868,196,72,3.7127913178788488,PSI
869,212,-61,0.19039955476301773,PSI
870,-38,-248,-1.9039955476301782,PSI
871,28,-190,1.9039955476301782,PSI
872,-6,-222,0.2855993321445265,PSI
873,-18,-245,0.19039955476301784,PSI
874,-187,155,0.8567979964335797,PSI
875,-21,235,0.1903995547630178,PSI
876,-221,70,1.9039955476301782,PSI
877,227,-57,1.4279966607226333,PSI
878,44,244,2.284794657156214,PSI
879,-4,235,-0.3807991095260356,PSI
880,-198,37,0.6663984416705622,PSI
881,192,106,1.4279966607226335,PSI
882,-140,163,-0.8567979964335799,PSI
883,-9,212,-2.475194211919232,PSI
884,-208,-136,-0.47599888690754444,PSI
885,-125,-166,-0.5711986642890533,PSI
886,186,-110,0.09519977738150857,PSI
887,-111,-172,-1.332796883341124,PSI
888,157,-122,3.52239176311583,PSI
889,183,-154,-0.951997773815089,PSI
890,221,106,-3.9031908726418667,PSI
891,-144,146,-0.2855993321445267,PSI
892,-200,-45,-16.564761264382582,PSI
893,188,141,3.9983906500233757,PSI
894,204,-73,-1.9039955476301782,PSI
895,-213,127,-0.9519977738150885,PSI
896,140,-148,2.284794657156214,PSI
897,-137,177,5.521587088127513,PSI
898,206,-45,6.568784639324107,PSI
899,214,-99,-0.8567979964335799,PSI
900,111,-172,2.379994434537723,PSI
901,149,141,2.189594879774705,PSI
902,87,182,-10.662375066729,PSI
903,-229,-80,0.2855993321445268,PSI
904,119,205,0.19039955476301745,PSI
905,164,118,7.425582635757684,PSI
906,212,26,0.8567979964335797,PSI
907,219,-119,-1.5231964381041423,PSI
908,9,-223,-2.189594879774705,PSI
909,-205,-28,3.6175915404973398,PSI
910,96,167,7.139983303613159,PSI
911,-76,207,4.37918975954941,PSI
912,136,-188,4.474389536930919,PSI
913,-169,-179,-0.09519977738150918,PSI
914,192,126,1.4279966607226333,PSI
915,-157,-109,0.9519977738150885,PSI
916,178,-76,1.2375971059596154,PSI
917,-4,250,4.093590427404885,PSI
918,-83,-187,13.042369501266736,PSI
919,34,-237,-1.4279966607226333,PSI
920,84,203,-4.283989982167903,PSI
921,-129,-214,-4.855188646456952,PSI
922,-11,190,2.760793544063759,PSI
923,-147,-152,0.2855993321445265,PSI
924,-28,-233,1.9039955476301782,PSI
925,-189,-162,-8.091981077428244,PSI
926,-133,-151,6.9495837488501415,PSI
927,-176,-122,3.0531133177191805e-16,PSI
928,-217,-116,-1.7135959928671607,PSI
929,-204,67,-0.09519977738150891,PSI
930,-154,158,-2.284794657156214,PSI
931,203,145,5.426387310746004,PSI
932,181,-125,-10.75757484411051,PSI
933,-9,-192,0.2855993321445265,PSI
934,-205,90,-5.997585975035054,PSI
935,206,60,-0.5711986642890531,PSI
936,-84,-234,5.902386197653547,PSI
937,208,-137,6.473584861942598,PSI
938,216,39,-2.3799944345377235,PSI
939,79,-175,-0.6663984416705615,PSI
940,163,142,0.3807991095260356,PSI
941,-92,206,5.521587088127511,PSI
942,194,51,0.2855993321445265,PSI
943,-216,-5,3.998390650023375,PSI
944,234,52,2.951193098826777,PSI
945,149,127,0.6663984416705624,PSI
946,-209,49,-1.5231964381041425,PSI
947,57,-209,6.759184194087124,PSI
948,164,186,-0.47599888690754366,PSI
949,-199,-109,-1.6183962154856513,PSI
950,-134,200,-2.379994434537723,PSI
951,19,-212,1.2375971059596156,PSI
952,82,-190,-4.188790204786393,PSI
953,74,237,9.900776847676925,PSI
954,8,190,-0.9519977738150888,PSI
955,-39,-193,7.615982190520701,PSI
956,-207,140,1.9039955476301782,PSI
957,121,-196,4.569589314312427,PSI
958,-112,193,-0.9519977738150885,PSI
959,-31,249,1.4279966607226333,PSI
960,-192,-94,-0.19039955476301773,PSI
961,132,-212,-0.9519977738150888,PSI
962,176,127,-2.2847946571562145,PSI
963,-121,181,11.043174176255036,PSI
964,193,14,4.759988869075444,PSI
965,249,-12,2.284794657156214,PSI
966,-181,-82,-5.1407879786014785,PSI
967,-20,-203,1.9991953250116872,PSI
968,-34,223,-0.9519977738150881,PSI
969,-186,71,21.419949910839566,PSI
970,-228,28,-26.846337221585603,PSI
971,-112,-206,-3.7127913178788488,PSI
972,-136,133,-0.1903995547630184,PSI
973,156,169,4.855188646456954,PSI
974,176,-177,1.0471975511965976,B6F
975,156,-109,-7.615982190520701,B6F
976,-44,203,-8.326672684688674e-17,B6F
977,-138,-169,1.1423973285781066,B6F
978,205,113,-6.283185307179581,B6F
979,189,153,-3.046392876208287,B6F
980,190,-75,-2.379994434537723,B6F
981,-194,82,-0.2855993321445265,B6F
982,62,200,2.66559376668225,B6F
983,-219,39,3.0531133177191805e-16,B6F
984,142,-199,-1.0471975511965974,B6F
985,62,-180,-5.04558820121997,B6F
986,165,-154,-1.6183962154856513,B6F
987,-224,6,-1.3327968833411243,B6F
988,36,-223,-2.66559376668225,B6F
989,-69,222,-4.474389536930919,B6F
990,110,-188,9.139178628624848,B6F
991,-198,-126,2.951193098826777,B6F
992,-229,-66,-1.0471975511965979,B6F
993,-107,179,6.7591841940871245,B6F
994,24,238,-1.9039955476301782,B6F
995,-47,-219,1.2375971059596158,B6F
996,-180,126,-6.473584861942601,B6F
997,81,-228,1.1423973285781064,B6F
998,206,101,5.521587088127512,B6F
999,-231,98,1.1423973285781066,B6F
1000,186,169,-2.66559376668225,B6F
1001,245,59,0.5711986642890533,B6F
1002,209,-18,-0.28559933214452654,B6F
1003,47,-198,1.9991953250116872,B6F
1004,233,98,0.8567979964335801,B6F
1005,-34,236,4.664789091693936,B6F
1006,44,-185,-2.094395102393196,LHCII
1007,-191,-117,2.379994434537723,LHCII
1008,-109,225,-1.8087957702486697,LHCII
1009,104,188,6.663984416705615,LHCII
1010,-102,-153,4.664789091693936,LHCII
1011,102,-230,1.3327968833411243,LHCII
1012,-176,47,4.188790204786393,LHCII
1013,223,52,1.9991953250116872,LHCII
1014,-167,-165,-4.474389536930919,LHCII
1015,205,127,-2.855993321445267,LHCII
1016,210,-113,1.4279966607226333,LHCII
1017,72,177,5.04558820121997,LHCII
1018,103,-209,3.7127913178788488,LHCII
1019,162,-102,12.18557150483315,LHCII
1020,155,112,-0.3807991095260353,LHCII
1021,-138,189,3.236792430971304,LHCII
1022,228,-32,-1.8087957702486688,LHCII
1023,177,146,3.236792430971304,LHCII
1024,-54,-227,2.570393989300741,LHCII
1025,228,-20,9.710377292913904,LHCII
1026,-240,76,-4.37918975954941,LHCII
1027,-252,24,1.5231964381041427,LHCII
1028,-148,-195,9.519977738150885,LHCII
1029,78,-216,-4.759988869075444,LHCII
1030,-44,233,-2.379994434537723,LHCII
1031,244,-42,10.186376179821451,LHCII
1032,238,87,-0.2855993321445265,LHCII
1033,189,-3,6.759184194087124,LHCII
1034,-249,14,-6.663984416705615,LHCII
1035,-216,59,6.187985529798073,LHCII
1036,-114,213,2.0943951023931966,LHCII
1037,-82,177,-0.666398441670562,LHCII
1038,-52,-198,-4.855188646456953,LHCII
1039,-59,-192,9.329578183387866,LHCII
1040,160,129,-9.900776847676923,LHCII
1041,167,-146,0.951997773815089,LHCII
1042,129,123,0.38079910952603574,LHCII
1043,-37,200,0.2855993321445268,LHCII
1044,-123,-193,-4.664789091693936,LHCII
1045,-192,12,3.9031908726418667,LHCII
1046,-200,-156,3.141592653589796,LHCII
1047,-209,37,1.2375971059596154,LHCII
1048,-223,87,3.046392876208286,LHCII
1049,107,167,-5.616786865509021,LHCII
1050,-228,-111,3.0463928762082864,LHCII
1051,-179,-135,-1.3327968833411243,LHCII
1052,37,-248,0.5711986642890534,LHCII
1053,-182,103,-2.570393989300742,LHCII
1054,61,-231,3.046392876208286,LHCII
1055,-170,124,15.231964381041449,LHCII
1056,109,210,-5.045588201219971,LHCII
1057,-59,205,-3.7127913178788488,LHCII
1058,-86,-212,0.19039955476301762,LHCII
1059,122,127,5.521587088127513,LHCII
1060,-155,-120,11.804772395307111,LHCII
1061,-238,86,-1.2375971059596154,LHCII
1062,138,180,-2.2847946571562145,LHCII
1063,-182,59,-2.2847946571562145,LHCII
1064,179,-7,-3.236792430971304,LHCII
1065,-89,-224,4.569589314312427,LHCII
1066,-172,-138,-7.711181967902208,LHCII
1067,8,-251,-3.9983906500233757,LHCII
1068,-159,-188,-2.66559376668225,LHCII
1069,6,242,1.5231964381041423,LHCII
1070,-247,54,-1.6183962154856513,LHCII
1071,-140,211,0.38079910952603535,LHCII
1072,127,214,-3.141592653589795,LHCII
1073,238,78,-0.38079910952603524,LHCII
1074,-12,-171,2.475194211919232,LHCII
1075,-224,14,-4.283989982167902,LHCII
1076,-251,33,-3.7127913178788488,LHCII
1077,-26,-216,-0.19039955476301762,LHCII
1078,216,-130,0.9519977738150885,LHCII
1079,239,-81,-3.0531133177191805e-16,LHCII
1080,-57,225,-6.949583748850141,LHCII
1081,72,-186,-1.3327968833411248,LHCII
1082,-160,170,0.09519977738150902,LHCII
1083,232,8,6.378385084561089,LHCII
1084,-180,177,2.951193098826778,LHCII
1085,-134,-194,0.6663984416705624,LHCII
1086,105,-182,-2.379994434537723,LHCII
1087,218,62,2.189594879774705,LHCII
1088,90,229,-3.141592653589795,LHCII
1089,246,45,1.7135959928671602,LHCII
1090,35,213,1.5231964381041423,LHCII
1091,-131,187,1.5231964381041427,LHCII
1092,-186,6,1.3327968833411243,LHCII
1093,102,157,-1.8087957702486692,LHCII
1094,-170,-152,-8.567979964335791,LHCII
1095,121,-207,1.9039955476301782,LHCII
1096,-49,221,5.997585975035055,LHCII
1097,238,-11,-0.7615982190520708,LHCII
1098,194,-150,-0.5711986642890531,LHCII
1099,186,97,-6.187985529798072,LHCII
1100,143,174,4.188790204786393,LHCII
1101,14,245,-0.1903995547630179,LHCII
1102,-81,238,1.3327968833411243,LHCII
1103,-225,47,1.0471975511965979,LHCII
1104,-204,-120,-0.47599888690754466,LHCII
1105,233,-73,6.663984416705616,LHCII
1106,99,-196,3.522391763115831,LHCII
1107,-168,43,-8.091981077428244,LHCII
1108,219,2,4.759988869075444,LHCII
1109,16,253,-2.951193098826777,LHCII
1110,72,201,0.3807991095260357,LHCII
1111,-33,-224,-3.427191985734322,LHCII
1112,-65,-239,1.3327968833411243,LHCII
1113,101,-217,7.139983303613158,LHCII
1114,-4,-238,4.283989982167902,LHCII
1115,199,39,6.187985529798072,LHCII
1116,203,-10,4.664789091693936,LHCII
1117,118,-147,4.188790204786393,LHCII
1118,178,42,-3.141592653589795,LHCII
1119,-167,-115,-9.900776847676921,LHCII
1120,-181,-156,7.996781300046735,LHCII
1121,-229,-50,9.234378406006357,LHCII
1122,-82,-166,7.330382858376176,LHCII
1123,148,-175,-1.7135959928671607,LHCII
1124,-104,-181,12.566370614359185,LHCII
1125,-243,23,0.4759988869075442,LHCII
1126,-153,-162,-3.046392876208286,LHCII
1127,232,-43,-3.427191985734322,LHCII
1128,7,234,4.9503884238384614,LHCII
1129,-237,-58,0.7615982190520713,LHCII
1130,-171,-73,4.283989982167902,LHCII
1131,-149,85,10.091176402439942,LHCII
1132,3,-176,4.569589314312427,LHCII
1133,-156,147,-3.7127913178788496,LHCII
1134,-147,191,-0.8567979964335788,LHCII
1135,147,181,-8.472780186954282,LHCII
1136,116,168,-1.9039955476301782,LHCII
1137,-210,-83,4.37918975954941,LHCII
1138,167,153,-3.9983906500233757,LHCII
1139,223,-90,-3.7127913178788496,LHCII
1140,-238,50,4.855188646456953,LHCII
1141,-86,233,-9.329578183387866,LHCII
1142,75,224,0.666398441670562,LHCII
1143,-95,234,1.3327968833411243,LHCII
1144,-141,122,4.664789091693936,LHCII
1145,-13,244,-3.141592653589795,LHCII
1146,-182,-144,6.7591841940871245,LHCII
1147,0,-251,4.093590427404885,LHCII
1148,-71,243,-0.5711986642890535,LHCII
1149,-102,-198,6.37838508456109,LHCII
1150,-52,200,-0.8567979964335797,LHCII
1151,-112,153,6.092785752416564,LHCII
1152,161,157,3.4271919857343227,LHCII
1153,-161,117,5.235987755982987,LHCII
1154,158,197,-0.4759988869075442,LHCII
1155,163,82,2.475194211919232,LHCII
1156,41,-205,4.474389536930919,LHCII
1157,-79,164,-0.09519977738150874,LHCII
1158,245,-65,3.9983906500233757,LHCII
1159,136,-131,0.09519977738150902,LHCII
1160,4,-191,-0.7615982190520713,LHCII
1161,85,172,3.427191985734322,LHCII
1162,223,9,7.806381745283718,LHCII
1163,-204,12,-3.0531133177191805e-16,LHCII
1164,-102,208,4.759988869075444,LHCII
1165,145,190,-8.282380632191263,LHCII
1166,188,-139,-1.1423973285781064,LHCII
1167,-18,251,-0.47599888690754455,LHCII
1168,4,216,-0.28559933214452693,LHCII
1169,130,-147,3.7127913178788496,LHCII
1170,-178,82,-0.19039955476301762,LHCII
1171,-3,201,-2.379994434537723,LHCII
1172,-212,7,3.3319922083528133,LHCII
1173,168,-122,-3.9983906500233757,LHCII
1174,-60,-184,-3.9031908726418667,LHCII
1175,31,245,-1.7135959928671607,LHCII
1176,-187,172,0.09519977738150902,LHCII
1177,101,-159,-0.5711986642890522,LHCII
1178,-209,79,5.616786865509021,LHCII
1179,109,158,0.7615982190520708,LHCII
1180,20,-253,-3.9031908726418667,LHCII
1181,36,230,-0.8567979964335797,LHCII
1182,-243,-63,4.37918975954941,LHCII
1183,-165,-128,6.94958374885014,LHCII
1184,-199,125,0.666398441670562,LHCII
1185,179,94,4.283989982167902,LHCII
1186,-10,-210,-6.9495837488501415,LHCII
1187,115,179,-1.8087957702486692,LHCII
1188,240,66,5.521587088127513,LHCII
1189,-77,-215,-0.7615982190520708,LHCII
1190,231,-4,4.664789091693936,LHCII
1191,174,-99,-6.663984416705616,LHCII
1192,145,204,-4.855188646456953,LHCII
1193,171,80,-2.951193098826777,LHCII
1194,-33,-215,3.236792430971304,LHCII
1195,194,3,3.236792430971304,LHCII
1196,212,138,15.136764603659941,LHCII
1197,196,-158,-0.9519977738150885,LHCII
1198,-107,166,0.09519977738150874,LHCII
1199,-243,69,-7.330382858376175,LHCII
1200,-154,94,9.995976625058432,LHCII
1201,197,-141,-3.046392876208286,LHCII
1202,-122,199,8.75837951909881,LHCII
1203,227,43,1.2375971059596154,LHCII
1204,34,237,-4.855188646456953,LHCII
1205,59,-198,-5.807186420272038,LHCII
1206,-149,-168,-0.19039955476301718,LHCII
1207,7,179,3.8079910952603577,LHCII
1208,249,38,5.997585975035054,LHCII
1209,-10,-253,-1.0471975511965974,LHCII
1210,-197,-137,1.9991953250116876,LHCII
1211,-119,221,2.475194211919233,LHCII
1212,-41,-213,6.187985529798072,LHCII
1213,142,-119,-8.282380632191263,LHCII
1214,151,-204,-3.427191985734322,LHCII
1215,-226,60,0.0951997773815088,LHCII
1216,161,-161,-0.9519977738150885,LHCII
1217,-135,154,-6.7591841940871245,LHCII
1218,-161,10,4.759988869075444,LHCII
1219,-204,-9,-2.189594879774705,LHCII
1220,239,-20,-0.2855993321445265,LHCII
1221,111,-161,0.47599888690754455,LHCII
1222,196,161,-2.094395102393196,LHCII
1223,202,-152,-4.855188646456953,LHCII
1224,-199,-85,10.28157595720296,LHCII
1225,126,192,-2.4751942119192325,LHCII
1226,120,-182,5.997585975035054,LHCII
1227,32,-178,-3.8079910952603577,LHCII
1228,-232,16,-0.4759988869075442,LHCII
1229,-225,-11,3.141592653589795,LHCII
1230,60,-165,-7.330382858376176,LHCII
1231,231,-13,5.71198664289053,LHCII
1232,-20,-224,1.8087957702486692,LHCII
1233,-138,-138,3.331992208352813,LHCII
1234,184,-172,-1.237597105959615,LHCII
1235,157,-143,-7.1399833036131595,LHCII
1236,-231,55,-0.9519977738150885,LHCII
1237,224,29,-2.760793544063759,LHCII
1238,171,-32,-14.660765716752396,LHCII
1239,138,125,-5.902386197653547,LHCII
1240,6,252,6.283185307179581,LHCII
1241,-104,231,1.2375971059596154,LHCII
1242,49,200,0.19039955476301784,LHCII
1243,240,12,9.615177515532395,LHCII
1244,-44,-177,-9.329578183387866,LHCII
1245,253,1,0.19039955476301795,LHCII
1246,-79,198,-2.189594879774705,LHCII
1247,-234,71,-2.094395102393196,LHCII
1248,-218,115,-23.89514412275881,LHCII
1249,237,-65,-1.9991953250116876,LHCII
1250,61,213,4.664789091693936,LHCII
1251,107,199,7.044783526231649,LHCII
1252,33,222,4.855188646456953,LHCII
1253,-216,84,-13.423168610792771,LHCII
1254,193,-50,17.99275792510522,LHCII
1255,-13,227,-1.3327968833411243,LHCII
1256,-182,-173,-13.994367275081824,LHCII
1257,-238,61,0.2855993321445269,LHCII
1258,93,-232,11.233573731018058,LHCII
1259,-241,12,-9.329578183387868,LHCII
1260,-87,169,10.852774621492015,LHCII
1261,112,-204,-4.47438953693092,LHCII
1262,240,42,4.474389536930919,LHCII
1263,14,-165,-1.5231964381041427,LHCII
1264,133,188,9.043978851243338,LHCII
1265,212,10,-1.0471975511965979,LHCII
1266,-98,-189,3.331992208352813,LHCII
1267,26,228,-0.7615982190520707,LHCII
1268,193,-41,0.19039955476301706,LHCII
1269,130,152,-3.8079910952603577,ATP
1270,91,-194,-8.472780186954282,ATP
1271,103,206,0.09519977738150902,ATP
1272,-19,-215,-1.3327968833411243,ATP
1273,-166,191,-3.9983906500233757,ATP
1274,212,127,-8.85357929648032,ATP
1275,-122,-205,-3.141592653589795,ATP
1276,197,-114,-0.8567979964335806,ATP
1277,32,207,-2.951193098826776,ATP
1278,109,193,5.521587088127513,ATP
1279,-13,-230,-0.8567979964335801,ATP
1280,-28,-198,3.236792430971304,ATP
1281,-247,-38,6.283185307179582,ATP
1282,-238,-75,2.760793544063759,ATP
1283,12,-203,1.8087957702486697,ATP
1284,223,120,-4.188790204786393,ATP
1285,178,-163,-1.0471975511965979,ATP
1286,22,250,3.7127913178788488,ATP
1287,-239,4,-0.7615982190520708,ATP
1288,-102,-228,-8.282380632191263,ATP
1289,152,193,0.2855993321445268,ATP
1290,-114,203,1.7135959928671602,ATP
1291,-55,186,-6.283185307179581,ATP
1292,139,-176,-5.426387310746004,ATP
1293,250,-47,6.473584861942598,ATP
1294,188,-162,9.710377292913904,ATP
1295,-115,173,3.236792430971304,ATP
1296,171,-162,-4.9503884238384614,ATP
1297,-184,52,3.141592653589795,ATP
1298,5,225,6.854383971468632,ATP
1299,70,-196,0.2855993321445265,ATP
1300,145,197,1.2375971059596154,ATP
1301,-62,-222,1.5231964381041427,ATP
1302,40,-191,4.283989982167902,ATP
1303,-227,80,4.188790204786393,ATP
1304,-198,7,9.615177515532395,ATP
1305,-126,-199,4.093590427404885,ATP
1306,-235,42,5.521587088127513,ATP
1307,-95,-230,-2.9511930988267774,ATP
1308,87,-238,-12.185571504833149,ATP
1309,206,35,2.855993321445268,ATP
1310,-198,157,9.329578183387866,ATP
1311,-98,166,4.569589314312427,ATP
1312,239,32,15.041564826278432,ATP
1313,-196,147,3.141592653589794,ATP
1314,-224,109,-3.712791317878848,ATP
1315,-160,-158,3.0531133177191805e-16,ATP
1316,-188,125,-4.855188646456953,ATP
1317,-76,-209,1.8087957702486692,ATP
1318,38,207,3.0531133177191805e-16,ATP
1319,40,199,1.9991953250116872,ATP
1320,-230,-33,7.901581522665227,ATP
1321,-11,201,1.3877787807814457e-16,ATP
1322,-198,-16,2.760793544063759,ATP
1323,174,138,1.7135959928671607,ATP
1324,-208,-16,-10.567175289347489,ATP
1325,-232,-18,-1.8087957702486692,ATP
1326,-192,165,12.280771282214658,ATP
1327,-28,212,1.3877787807814457e-16,ATP
1328,49,-191,0.1903995547630179,ATP
1329,-56,217,1.7135959928671607,ATP
1330,149,-183,6.3783850845610885,ATP
1331,-161,194,1.4279966607226342,ATP
1332,-232,84,-9.139178628624848,ATP
1333,-101,192,2.1895948797747056,ATP
1334,42,-213,-1.0471975511965979,ATP
1335,167,-167,0.7615982190520713,ATP
1336,-187,-125,1.5231964381041423,ATP
1337,-223,-61,4.759988869075444,ATP
1338,97,-204,22.276747907273148,ATP
1339,19,196,0.951997773815089,ATP
1340,-165,-140,-2.379994434537723,ATP
1341,-164,-96,0.666398441670562,ATP
1342,251,-22,-7.425582635757682,ATP
1343,-150,-205,0.8567979964335796,ATP
1344,18,-198,-8.567979964335791,ATP
1345,-160,-166,3.046392876208287,ATP
1346,46,-243,-3.141592653589795,ATP
1347,-60,-231,2.379994434537723,ATP
1348,99,232,-5.426387310746004,ATP
1349,-218,-86,-5.807186420272038,ATP
1350,-201,27,7.139983303613159,ATP
1351,-67,-195,8.6631797417173,ATP
1352,227,1,-5.616786865509021,ATP
1353,-169,-89,-8.187180854809753,ATP
1354,132,-163,4.093590427404885,ATP
1355,167,-107,-0.9519977738150894,ATP
1356,-51,-210,-1.8087957702486692,ATP
1357,-163,-121,7.996781300046735,ATP
1358,-219,-129,4.474389536930919,ATP
1359,-252,-31,-2.951193098826777,ATP
1360,205,-120,6.7591841940871245,ATP
1361,65,-192,14.089567052463337,ATP
1362,1,-231,-9.139178628624848,ATP
1363,231,27,0.666398441670562,ATP
1364,36,-199,-1.3327968833411243,ATP
1365,100,-188,7.139983303613159,ATP
1366,-77,-174,-9.424777960769376,ATP
1367,-51,228,-4.855188646456953,ATP
1368,-59,246,5.235987755982987,ATP
1369,199,22,4.188790204786393,ATP
1370,-26,-252,-5.235987755982988,ATP
1371,169,165,5.997585975035056,ATP
1372,-51,236,0.8567979964335797,ATP
1373,-175,-170,8.853579296480317,ATP
1374,235,-28,13.137569278648243,ATP
1375,110,-212,6.3783850845610885,ATP
1376,-107,-160,9.329578183387866,ATP
1377,88,219,-2.6655937666822505,ATP
1378,34,252,-8.567979964335791,ATP
1379,222,97,10.947974398873527,ATP
1380,135,212,16.279161932238054,ATP
1381,53,-183,-4.474389536930918,ATP
1382,-62,-216,-7.615982190520701,ATP
1383,-222,-48,10.28157595720296,ATP
1384,54,-220,-19.706353917972393,ATP
1385,236,-36,0.2855993321445265,ATP
1386,-158,-175,1.0471975511965979,ATP
1387,-249,-46,4.283989982167902,ATP
1388,210,-126,-4.855188646456953,ATP
1389,188,-35,-15.707963267948998,ATP
1390,123,-221,7.330382858376176,ATP
1391,93,213,-1.4279966607226333,ATP
1392,-20,209,5.807186420272038,ATP
1393,154,184,6.187985529798072,ATP
1394,3,-245,-4.569589314312427,ATP
1395,167,108,2.570393989300741,ATP
1396,28,-247,-5.711986642890531,ATP
1397,205,14,-0.7615982190520713,ATP
1398,204,135,-1.1423973285781064,ATP
1399,10,214,0.5711986642890522,ATP
1400,165,-114,11.138373953636545,ATP
1401,-93,195,2.284794657156214,ATP
1402,209,-5,4.759988869075444,ATP
1403,195,-14,-7.330382858376174,ATP
1404,218,128,9.329578183387868,ATP
1405,-83,-221,6.5687846393241065,ATP
1406,137,134,-0.5711986642890526,ATP
1407,-235,-90,-5.331187533364496,ATP
1408,-7,222,-4.37918975954941,ATP
1409,-175,74,-3.427191985734322,ATP
1410,-244,-55,-3.0531133177191805e-16,ATP
1411,-162,124,-3.331992208352813,ATP
1412,185,-53,-4.188790204786393,ATP
1413,186,114,-5.902386197653546,ATP
1414,-204,119,9.329578183387866,ATP
1415,191,-21,0.4759988869075442,ATP
1416,206,-32,3.0531133177191805e-16,ATP
1417,-188,-135,-2.855993321445268,ATP
1418,202,28,3.9031908726418667,ATP
1419,215,54,-0.09519977738151007,ATP
1420,116,187,-5.807186420272038,ATP
1421,224,-82,-1.2375971059596163,ATP
1422,152,201,4.855188646456952,ATP
1423,-45,193,1.4279966607226333,ATP
1424,191,-29,-18.08795770248673,ATP
1425,-152,-179,-25.608740115625977,ATP
1426,175,-116,-21.895948797747113,ATP
1427,57,-188,6.854383971468633,ATP
1428,-74,232,1.5231964381041423,ATP
1429,86,239,-4.950388423838461,ATP
1430,-30,-243,11.519173063162581,ATP
1431,179,117,-4.474389536930919,ATP
1432,-44,-230,-14.755965494133903,PSII_mono
1433,-51,210,7.04478352623165,PSII_mono
1434,-20,219,7.901581522665227,PSII_mono
1435,-193,-149,10.37677573458447,PSII_mono
1436,-29,191,-36.17591540497352,PSII_mono
1437,32,-210,8.472780186954282,PSII_mono
1438,-61,-204,1.6183962154856513,PSII_mono
1439,251,14,-2.855993321445269,PSII_mono
1440,230,18,-1.4279966607226335,PSII_mono
1441,-38,213,9.710377292913904,PSII_mono
1442,21,-226,-4.569589314312428,PSII_mono
1443,203,4,18.56395658939428,PSII_mono
1444,-241,34,12.851969946503715,PSII_mono
1445,-63,183,40.45990538714144,PSII_mono
1446,-247,42,6.759184194087123,PSII_mono
1447,-27,202,-0.0951997773815083,PSII_mono
1448,-60,194,-26.084739002533524,PSII_mono
1449,-36,-207,6.7591841940871245,PSII_mono
1450,-39,189,17.707158592960695,PSII_mono
