,x,y,theta,Ptype
0,-33,19,1.7135959928671602,C2S2M2
1,-66,88,-1.6183962154856515,C2S2M2
2,-85,-35,0.8567979964335799,C2S2M2
3,-73,-88,0.3807991095260356,C2S2M2
4,35,25,0.4759988869075443,C2S2M2
5,-79,-141,-0.3807991095260356,C2S2M2
6,47,-88,-0.09519977738150896,C2S2M2
7,72,121,-1.4279966607226335,C2S2M2
8,-83,-121,2.855993321445268,C2S2M2
9,58,155,-0.761598219052071,C2S2M2
10,-59,-29,0.8567979964335799,C2S2M2
11,-51,-126,0.5711986642890533,C2S2M2
12,125,64,1.4279966607226335,C2S2M2
13,3,-142,-0.09519977738150896,C2S2M2
14,18,-12,1.4279966607226335,C2S2M2
15,127,105,0.6663984416705621,C2S2M2
16,108,12,-1.0471975511965976,C2S2M2
17,-143,18,-2.475194211919232,C2S2M2
18,97,72,1.2375971059596156,C2S2M2
19,41,-142,0.3807991095260356,C2S2M2
20,84,-78,-0.47599888690754444,C2S2M2
21,147,-17,0.19039955476301784,C2S2M2
22,-48,-63,0.8567979964335799,C2S2M2
23,23,149,-0.5711986642890533,C2S2M2
24,109,-111,0.09519977738150896,C2S2M2
25,141,85,-0.666398441670562,C2S2M2
26,-83,2,-0.5711986642890533,C2S2M2
27,144,44,0.09519977738150885,C2S2M2
28,-128,-63,0.19039955476301784,C2S2M2
29,8,-100,-0.8567979964335799,C2S2M2
30,51,93,0.47599888690754444,C2S2M2
31,-155,-10,1.6183962154856515,C2S2M2
32,42,-63,-2.7755575615628914e-17,C2S2M2
33,138,5,-1.0471975511965974,C2S2M2
34,-6,117,1.4279966607226335,C2S2M2
35,-31,151,0.5711986642890533,C2S2M2
36,48,131,1.9039955476301782,C2S2M2
37,-99,31,-3.427191985734322,C2S2M2
38,-83,76,1.5231964381041423,C2S2M2
39,53,-161,2.7755575615628914e-17,C2S2
40,-111,-115,0.3807991095260356,C2S2
41,-103,-88,0.6663984416705622,C2S2
42,-105,126,0.666398441670562,C2S2
43,-29,108,1.2375971059596156,C2S2
44,-146,-33,0.09519977738150891,C2S2
45,94,122,12.566370614359185,C2S2
46,50,4,-0.6663984416705621,C2S2
47,121,-26,1.5231964381041425,C2S2
48,14,-35,-2.475194211919232,C2S2
49,-80,52,0.6663984416705622,C2S2
50,93,98,-2.570393989300742,C2S2
51,69,-151,0.2855993321445267,C2S2
52,94,-17,-3.7127913178788488,C2S2
53,70,1,-0.47599888690754444,C2S2
54,95,-53,0.3807991095260356,C2S2
55,-29,-129,2.475194211919232,C2S2
56,61,79,1.1423973285781066,C2S2
57,69,43,1.9039955476301782,C2S2
58,-46,94,-0.3807991095260356,C2S2
59,-19,63,2.094395102393196,C2S2
60,-34,127,1.0471975511965979,C2S2
61,-30,-78,-2.094395102393196,C2S2
62,-126,37,2.094395102393196,C2S2
63,23,48,-0.38079910952603563,C2S2
64,54,-27,-1.5231964381041425,C2S2
65,-57,131,8.37758040957277,C2S2
66,68,-121,0.6663984416705624,C2S2
67,35,-46,-2.66559376668225,C2S2
68,21,-161,-2.570393989300741,C2S2
69,166,6,-1.5231964381041423,C2S2
70,32,-113,-2.66559376668225,C2S2
71,-11,-28,-0.9519977738150888,C2S2
72,-59,155,7.520782413139193,C2S2
73,-68,110,9.900776847676921,C2S2
74,-104,-32,-1.7135959928671602,C2S2
75,-76,139,-0.47599888690754444,C2S2
76,121,-79,-4.283989982167903,C2S2
77,-128,66,-0.7615982190520711,C2S2
78,-133,-23,-0.9519977738150885,B6F
79,-19,-93,1.3327968833411248,B6F
80,-122,11,-0.09519977738150902,B6F
81,-127,-6,-0.3807991095260358,B6F
82,-11,-102,-1.2375971059596154,B6F
83,-26,-12,2.8559933214452684,B6F
84,-24,-46,-3.712791317878849,B6F
85,29,-131,-1.2375971059596154,B6F
86,45,-103,-1.2375971059596154,B6F
87,-46,9,7.425582635757684,B6F
88,145,23,-5.616786865509021,B6F
89,5,-126,-0.09519977738150874,B6F
90,77,-44,-4.379189759549409,B6F
91,17,121,-3.046392876208286,B6F
92,124,35,0.09519977738150869,B6F
93,-48,-100,1.5231964381041425,B6F
94,-90,111,0.3807991095260358,B6F
95,-60,53,7.520782413139193,B6F
96,-107,-18,2.7607935440637594,B6F
97,27,104,2.284794657156214,B6F
98,-47,-89,0.6663984416705624,B6F
99,163,-23,-9.424777960769376,B6F
100,79,-35,2.094395102393197,B6F
101,-31,78,5.521587088127513,B6F
102,-3,-86,2.0943951023931966,B6F
103,129,-5,-1.9039955476301782,B6F
104,126,-114,5.235987755982987,LHCII
105,-121,-84,3.0531133177191805e-16,LHCII
106,-2,-16,-5.331187533364496,LHCII
107,-122,-21,0.8567979964335797,LHCII
108,35,71,6.568784639324107,LHCII
109,19,-68,8.85357929648032,LHCII
110,-3,-6,-5.521587088127513,LHCII
111,5,-48,-2.4751942119192325,LHCII
112,-8,6,6.759184194087124,LHCII
113,167,-31,1.8087957702486692,LHCII
114,2,-74,-2.855993321445268,LHCII
115,28,59,0.3807991095260358,LHCII
116,65,-75,-0.19039955476301806,LHCII
117,-49,21,3.9983906500233757,LHCII
118,-33,-49,3.046392876208286,LHCII
119,99,-141,2.094395102393196,LHCII
120,134,-128,4.474389536930919,LHCII
121,-54,61,1.4279966607226338,LHCII
122,-115,58,3.8079910952603577,LHCII
123,141,-102,-0.47599888690754466,LHCII
124,-17,11,-3.236792430971304,LHCII
125,-120,-34,-0.38079910952603535,LHCII
126,-36,-93,-12.566370614359187,LHCII
127,-29,94,-1.4279966607226338,LHCII
128,-96,-12,5.71198664289053,LHCII
129,89,38,3.9983906500233766,LHCII
130,-57,23,3.141592653589795,LHCII
131,-52,33,-6.473584861942599,LHCII
132,-162,61,-2.284794657156214,LHCII
133,2,-166,4.855188646456953,LHCII
134,-73,-39,-1.5231964381041423,LHCII
135,-45,-1,-9.139178628624846,LHCII
136,110,58,-1.0471975511965974,LHCII
137,114,120,-2.951193098826777,LHCII
138,45,-75,1.2375971059596154,LHCII
139,92,-106,-5.521587088127513,LHCII
140,-44,-32,-1.8087957702486692,LHCII
141,151,-60,-4.9503884238384614,LHCII
142,79,8,-4.9503884238384614,LHCII
143,-47,146,3.9983906500233757,LHCII
144,-122,81,-8.85357929648032,LHCII
145,-106,101,3.1415926535897953,LHCII
146,-158,23,4.9503884238384614,LHCII
147,61,116,-7.520782413139193,LHCII
148,-85,22,6.187985529798072,LHCII
149,102,-148,0.09519977738150874,LHCII
150,-29,-57,4.093590427404884,LHCII
151,144,-47,-1.9991953250116876,LHCII
152,-68,63,4.188790204786393,LHCII
153,-28,86,-5.521587088127513,LHCII
154,-28,50,-0.666398441670562,LHCII
155,1,48,2.951193098826777,LHCII
156,6,54,-10.852774621492017,LHCII
157,-30,-150,0.8567979964335797,LHCII
158,-129,-32,2.094395102393196,LHCII
159,-66,-69,-5.1407879786014785,LHCII
160,-78,-107,10.757574844110508,LHCII
161,89,-140,-1.4279966607226333,LHCII
162,105,-32,2.5703939893007415,LHCII
163,20,-148,-0.47599888690754466,LHCII
164,-92,-54,-3.9983906500233757,LHCII
165,104,53,3.046392876208286,LHCII
166,55,59,-2.189594879774705,LHCII
167,84,1,-1.3327968833411243,LHCII
168,4,132,3.331992208352813,LHCII
169,-24,-64,1.3327968833411243,LHCII
170,-18,135,-1.0471975511965974,LHCII
171,24,131,2.3799944345377235,LHCII
172,44,74,2.2847946571562145,LHCII
173,52,30,-10.28157595720296,LHCII
174,24,-82,-3.427191985734322,LHCII
175,-6,23,-4.664789091693936,LHCII
176,18,137,1.8087957702486692,LHCII
177,95,-123,-1.7135959928671602,LHCII
178,20,75,1.5231964381041423,LHCII
179,-87,133,-3.522391763115831,LHCII
180,-93,-19,-9.995976625058432,LHCII
181,26,-57,-0.1903995547630175,LHCII
182,-59,-102,3.0531133177191805e-16,LHCII
183,60,-52,-1.5231964381041427,LHCII
184,68,-33,-1.6183962154856517,LHCII
185,-104,-68,2.475194211919232,LHCII
186,154,-30,1.5231964381041427,LHCII
187,79,88,6.187985529798072,LHCII
188,-143,-2,-9.995976625058432,LHCII
189,39,-30,-5.1407879786014785,LHCII
190,-140,-86,-3.236792430971304,LHCII
191,123,-41,-0.5711986642890531,LHCII
192,-120,1,3.522391763115831,LHCII
193,-18,165,-5.521587088127513,LHCII
194,64,-11,-1.3327968833411235,LHCII
195,-55,42,-7.494005416219807e-16,LHCII
196,154,-45,-8.472780186954282,LHCII
197,99,-35,3.9031908726418667,LHCII
198,76,-131,5.711986642890531,LHCII
199,-135,2,1.6183962154856517,LHCII
200,-35,-40,0.1903995547630179,LHCII
201,-104,-101,1.9039955476301782,LHCII
202,68,-67,-6.37838508456109,LHCII
203,58,-138,-3.141592653589795,LHCII
204,105,-93,4.474389536930919,LHCII
205,-1,82,-2.951193098826777,LHCII
206,122,83,-1.7135959928671611,LHCII
207,-21,143,3.427191985734322,LHCII
208,16,-55,4.474389536930919,LHCII
209,146,-77,10.091176402439942,LHCII
210,90,-38,5.71198664289053,LHCII
211,82,43,-4.855188646456953,LHCII
212,-16,-110,7.901581522665227,LHCII
213,114,-156,-6.092785752416565,LHCII
214,-45,74,-4.664789091693936,LHCII
215,26,124,-0.951997773815089,LHCII
216,-1,172,-9.139178628624848,LHCII
217,170,-9,5.5215870881275135,LHCII
218,23,-140,1.3327968833411243,LHCII
219,-37,-107,2.189594879774705,LHCII
220,-61,66,3.331992208352813,LHCII
221,133,-102,5.235987755982987,LHCII
222,105,-13,6.854383971468632,LHCII
223,-54,-93,-3.046392876208286,LHCII
224,-8,65,6.092785752416564,LHCII
225,30,-26,-4.855188646456953,LHCII
226,-64,-120,1.3327968833411243,LHCII
227,83,59,2.094395102393196,LHCII
228,-37,-152,-7.044783526231649,LHCII
229,-56,14,2.379994434537723,LHCII
230,-65,-98,3.8079910952603577,LHCII
231,25,67,3.7127913178788488,LHCII
232,40,-125,-0.19039955476301806,LHCII
233,-112,-54,2.189594879774705,LHCII
234,-64,18,6.378385084561089,LHCII
235,-4,164,1.7135959928671607,LHCII
236,25,-93,-4.664789091693936,LHCII
237,-100,-74,-0.09519977738150918,LHCII
238,-27,0,-8.948779073861829,LHCII
239,-100,-58,8.282380632191263,LHCII
240,-29,180,-7.520782413139192,LHCII
241,137,-69,3.9983906500233757,LHCII
242,62,64,-1.0269562977782698e-15,LHCII
243,-96,-67,-3.8079910952603577,LHCII
244,31,88,-0.6663984416705618,LHCII
245,38,51,-1.2375971059596154,LHCII
246,9,-73,-0.5711986642890534,LHCII
247,31,-18,2.475194211919232,LHCII
248,-132,11,6.283185307179581,LHCII
249,-15,43,-2.760793544063759,LHCII
250,-62,38,8.567979964335791,LHCII
251,-114,83,4.855188646456954,LHCII
252,65,137,-2.66559376668225,LHCII
253,15,85,-6.568784639324107,LHCII
254,108,-79,-5.807186420272038,LHCII
255,55,-114,9.139178628624848,LHCII
256,-118,90,-3.046392876208286,LHCII
257,76,102,-4.37918975954941,LHCII
258,76,-61,3.3319922083528133,LHCII
259,57,140,12.280771282214658,LHCII
260,-138,132,8.187180854809753,LHCII
261,-58,-77,5.616786865509021,LHCII
262,-160,16,-2.570393989300741,LHCII
263,-74,-71,-6.663984416705616,LHCII
264,-5,137,7.520782413139193,LHCII
265,113,-54,1.0471975511965974,LHCII
266,-104,17,-1.6183962154856517,LHCII
267,-106,73,8.091981077428244,LHCII
268,-88,-98,-5.521587088127513,LHCII
269,-116,70,-8.567979964335791,LHCII
270,21,34,3.046392876208286,LHCII
271,119,-6,7.425582635757684,LHCII
272,137,26,-4.474389536930919,LHCII
273,-24,-35,0.7615982190520713,LHCII
274,-65,-3,11.804772395307111,LHCII
275,23,-124,3.998390650023376,LHCII
276,68,-88,2.951193098826777,LHCII
277,90,22,2.2847946571562145,LHCII
278,36,63,3.7127913178788488,LHCII
279,-79,-52,-10.567175289347489,LHCII
280,17,20,-2.760793544063759,LHCII
281,-97,-137,-6.378385084561089,LHCII
282,-6,31,-4.664789091693936,LHCII
283,166,25,4.474389536930919,LHCII
284,-73,-55,-0.3807991095260358,LHCII
285,-5,-165,-4.474389536930919,LHCII
286,109,89,3.5223917631158312,LHCII
287,-54,-109,-4.569589314312427,LHCII
288,56,-73,-4.855188646456953,LHCII
289,103,147,-3.4271919857343223,LHCII
290,-4,-125,-1.6183962154856517,LHCII
291,16,-48,-5.616786865509021,LHCII
292,-85,100,10.947974398873527,LHCII
293,-33,-64,-5.71198664289053,LHCII
294,36,-169,6.854383971468632,LHCII
295,-128,99,-5.1407879786014785,LHCII
296,88,15,4.664789091693936,LHCII
297,-66,-59,-8.187180854809753,LHCII
298,65,106,4.188790204786394,LHCII
299,4,149,-2.7607935440637594,LHCII
300,-22,-102,5.807186420272038,LHCII
301,-108,-1,8.85357929648032,LHCII
302,65,-97,4.474389536930919,LHCII
303,-156,33,-3.6175915404973398,LHCII
304,36,122,-2.6655937666822505,LHCII
305,-3,14,-6.663984416705616,LHCII
306,-146,54,3.046392876208286,LHCII
307,37,79,7.901581522665227,LHCII
308,24,92,-1.0471975511965979,LHCII
309,59,52,-5.04558820121997,LHCII
310,-68,121,2.189594879774705,LHCII
311,34,-35,0.5711986642890535,LHCII
312,85,30,-1.6183962154856513,LHCII
313,-120,-98,3.9983906500233757,LHCII
314,-90,-62,0.09519977738150874,LHCII
315,-170,-14,5.61678686550902,LHCII
316,99,-98,-1.3327968833411243,LHCII
317,5,0,3.236792430971304,LHCII
318,-14,18,1.9039955476301782,LHCII
319,74,16,4.664789091693936,LHCII
320,-13,-48,5.997585975035055,LHCII
321,85,-132,-0.190399554763018,LHCII
322,-2,58,3.236792430971304,LHCII
323,77,-53,-2.4751942119192325,LHCII
324,-133,-83,5.331187533364496,LHCII
325,124,-97,-5.1407879786014785,LHCII
326,-117,-14,2.951193098826777,LHCII
327,-67,-112,2.0943951023931966,LHCII
328,-18,34,-6.854383971468633,LHCII
329,106,44,3.522391763115831,LHCII
330,-149,-64,0.9519977738150885,LHCII
331,58,26,-6.187985529798073,LHCII
332,-50,-9,2.189594879774705,LHCII
333,0,-64,6.473584861942598,LHCII
334,110,-65,15.517563713185977,LHCII
335,137,-96,-10.37677573458447,LHCII
336,-50,54,0.8567979964335797,LHCII
337,80,21,-12.851969946503715,LHCII
338,54,45,-6.663984416705615,LHCII
339,-11,141,3.52239176311583,LHCII
340,8,39,8.472780186954282,LHCII
341,12,92,7.425582635757684,LHCII
342,-12,-9,-0.4759988869075442,LHCII
343,-127,-47,12.471170836977677,LHCII
344,-19,24,-13.899167497700319,LHCII
345,111,70,3.331992208352813,LHCII
346,6,86,-6.283185307179582,LHCII
347,4,100,-9.043978851243338,LHCII
348,25,3,7.330382858376175,LHCII
349,12,27,-5.71198664289053,LHCII
350,-4,96,12.090371727451641,LHCII
351,62,-63,2.5703939893007415,LHCII
352,-98,53,0.19039955476301879,LHCII
353,56,-106,-4.283989982167902,LHCII
354,3,141,-8.75837951909881,LHCII
355,70,96,6.3783850845610885,LHCII
356,56,-46,-4.093590427404885,LHCII
357,112,78,2.284794657156214,LHCII
358,-1,-118,10.662375066728998,LHCII
359,-11,149,-1.2375971059596158,LHCII
360,9,162,12.09037172745164,LHCII
361,114,-95,-2.57039398930074,LHCII
362,-75,-64,-4.759988869075444,LHCII
363,89,-66,-4.283989982167903,LHCII
364,77,33,-6.283185307179581,LHCII
365,32,-79,-7.806381745283718,LHCII
366,-28,-95,-2.6655937666822496,LHCII
367,86,-119,-0.5711986642890531,LHCII
368,-9,54,-0.6663984416705624,LHCII
369,-41,-44,-9.329578183387866,LHCII
370,-69,-45,5.1407879786014785,LHCII
371,-119,102,4.283989982167902,LHCII
372,-89,-75,1.9991953250116872,LHCII
373,-32,-31,-6.28318530717958,LHCII
374,-108,88,1.0471975511965974,LHCII
375,48,-123,-12.09037172745164,LHCII
376,-79,30,6.473584861942598,LHCII
377,-125,20,3.8079910952603577,LHCII
378,155,20,6.092785752416564,LHCII
379,127,24,-6.7591841940871245,LHCII
380,136,-53,4.188790204786393,LHCII
381,-98,105,-6.187985529798073,LHCII
382,0,89,-10.662375066728998,LHCII
383,98,-66,-1.9039955476301782,LHCII
384,-149,66,2.3799944345377235,LHCII
385,-126,-93,-4.664789091693936,LHCII
386,-54,69,3.8079910952603577,LHCII
387,132,-60,1.2375971059596154,LHCII
388,-21,82,-6.759184194087123,LHCII
389,-105,81,-7.425582635757684,LHCII
390,183,-12,-0.951997773815089,LHCII
391,96,44,4.283989982167902,LHCII
392,-93,61,0.09519977738150918,LHCII
393,93,-116,-2.094395102393196,LHCII
394,80,-142,1.1423973285781068,LHCII
395,34,113,-0.7615982190520708,LHCII
396,69,70,-0.38079910952603535,LHCII
397,138,73,-1.5231964381041423,LHCII
398,7,-81,6.949583748850141,LHCII
399,-125,-79,1.6183962154856513,LHCII
400,121,-62,1.0471975511965974,LHCII
401,12,10,5.426387310746004,LHCII
402,31,-4,1.6183962154856526,LHCII
403,10,-61,-7.901581522665227,LHCII
404,104,-42,-5.616786865509021,LHCII
405,17,-75,-1.6183962154856513,LHCII
406,-135,-14,-2.284794657156214,LHCII
407,34,97,-7.996781300046735,LHCII
408,-30,-157,1.2375971059596154,LHCII
409,-105,48,4.093590427404884,LHCII
410,-112,-7,-1.5231964381041423,LHCII
411,-31,63,-0.666398441670562,LHCII
412,-12,-126,3.2367924309713048,LHCII
413,-6,-70,-5.807186420272038,LHCII
414,113,42,0.3807991095260357,LHCII
415,107,29,5.235987755982987,LHCII
416,-86,-105,-8.377580409572772,LHCII
417,153,33,5.616786865509021,LHCII
418,-40,-134,-6.473584861942599,LHCII
419,116,89,0.38079910952603535,LHCII
420,14,-126,-0.28559933214452765,LHCII
421,-42,111,1.2375971059596163,LHCII
422,11,75,-0.2855993321445265,LHCII
423,93,-132,1.1379786002407855e-15,LHCII
424,-69,43,1.5231964381041427,LHCII
425,9,63,4.759988869075444,LHCII
426,-77,121,-2.1895948797747056,LHCII
427,-120,-43,-16.94556037390862,LHCII
428,-101,-5,3.141592653589795,LHCII
429,67,-49,-8.377580409572772,LHCII
430,68,-17,1.0269562977782698e-15,LHCII
431,-145,133,3.6175915404973398,LHCII
432,-116,-78,3.8079910952603604,LHCII
433,97,35,-4.093590427404885,LHCII
434,-23,42,-3.141592653589793,LHCII
435,6,-14,-3.236792430971304,LHCII
436,-94,93,-10.47197551196598,LHCII
437,44,65,0.3807991095260358,LHCII
438,-40,62,3.9031908726418667,LHCII
439,10,140,-6.854383971468633,LHCII
440,110,-135,-0.5711986642890535,LHCII
441,-70,-11,-8.6631797417173,LHCII
442,-57,-47,-0.09519977738150874,LHCII
443,-112,-99,-6.568784639324107,LHCII
444,-9,-58,-1.2375971059596154,LHCII
445,82,-101,1.5231964381041414,LHCII
446,-43,41,5.331187533364496,LHCII
447,16,66,6.37838508456109,LHCII
448,-53,2,3.522391763115831,LHCII
449,98,26,1.3327968833411243,LHCII
450,-70,-20,-4.855188646456954,LHCII
451,4,24,3.9983906500233757,LHCII
452,-83,-69,-6.854383971468633,LHCII
453,115,28,0.4759988869075436,LHCII
454,-85,-12,-4.188790204786393,LHCII
455,122,44,0.9519977738150893,LHCII
456,-45,-154,6.3783850845610885,LHCII
457,112,142,4.664789091693936,LHCII
458,134,-44,0.19039955476301795,LHCII
459,-82,127,4.664789091693936,LHCII
460,-9,-79,-9.615177515532395,LHCII
461,-22,-56,2.57039398930074,LHCII
462,-15,-64,-5.140787978601479,LHCII
463,-16,-133,-18.183157479868242,LHCII
464,-44,-17,5.807186420272039,LHCII
465,-27,36,-3.141592653589795,LHCII
466,-114,-25,-8.187180854809755,LHCII
467,11,128,3.9983906500233757,LHCII
468,-16,-118,-5.3311875333644965,LHCII
469,118,-180,-1.6183962154856517,LHCII
470,95,3,9.234378406006357,LHCII
471,-48,46,1.0471975511965974,LHCII
472,-80,-16,-0.09519977738150902,LHCII
473,132,-35,3.7127913178788488,LHCII
474,-14,-72,-4.855188646456954,LHCII
475,16,100,9.805577070295413,LHCII
476,66,-105,-2.5703939893007397,LHCII
477,49,53,2.189594879774705,LHCII
478,3,157,2.570393989300742,LHCII
479,-2,-174,1.0471975511965983,LHCII
480,-165,52,-6.092785752416565,LHCII
481,-147,-71,1.2375971059596158,LHCII
482,-39,-27,6.283185307179582,LHCII
483,-108,-76,-4.664789091693936,LHCII
484,43,44,-0.8567979964335801,LHCII
485,16,111,-6.7591841940871245,LHCII
486,-8,-114,-4.283989982167902,LHCII
487,22,82,0.7615982190520708,LHCII
488,43,-23,3.7127913178788488,LHCII
489,8,173,2.2847946571562145,LHCII
490,73,-99,7.330382858376175,LHCII
491,14,-116,5.331187533364496,LHCII
492,-147,-55,-7.044783526231648,LHCII
493,-137,38,2.665593766682251,LHCII
494,-98,76,2.4751942119192325,LHCII
495,-101,61,-1.2375971059596158,LHCII
496,-167,20,1.9991953250116876,LHCII
497,-83,157,2.379994434537722,LHCII
498,-58,-56,3.236792430971304,LHCII
499,143,-62,-1.80879577024867,LHCII
500,-48,-40,-2.951193098826777,LHCII
501,-18,0,-0.5711986642890531,LHCII
502,-113,97,0.7615982190520713,LHCII
503,-27,-110,-1.5231964381041427,LHCII
504,162,41,-10.757574844110506,LHCII
505,107,-126,0.9519977738150885,LHCII
506,-103,5,-12.09037172745164,LHCII
507,50,39,2.9511930988267774,LHCII
508,82,70,11.899972172688619,LHCII
509,4,31,-5.1407879786014785,LHCII
510,16,-83,-1.3327968833411243,LHCII
511,-101,96,-4.664789091693936,LHCII
512,-23,98,5.807186420272039,LHCII
513,23,113,-0.8567979964335797,LHCII
514,-97,44,-11.519173063162583,LHCII
515,-3,-108,6.759184194087123,LHCII
516,161,58,1.5231964381041423,LHCII
517,95,51,1.5231964381041427,LHCII
518,41,57,-4.759988869075445,LHCII
519,-63,29,9.519977738150885,LHCII
520,-47,67,7.330382858376176,LHCII
521,-54,-151,1.9039955476301786,LHCII
522,-10,76,7.806381745283718,LHCII
523,111,-47,-17.802358370342205,LHCII
524,43,102,-4.188790204786393,LHCII
525,-10,170,-0.09519977738150918,LHCII
526,-55,-85,-11.328773508399564,LHCII
527,134,-80,-2.475194211919232,LHCII
528,-129,87,4.855188646456954,LHCII
529,152,-38,-5.426387310746004,LHCII
530,-142,45,-7.330382858376175,LHCII
531,60,16,3.9031908726418667,LHCII
532,46,-11,-3.522391763115831,LHCII
533,-154,50,4.37918975954941,LHCII
534,-94,-105,2.284794657156214,LHCII
535,-12,28,9.043978851243338,LHCII
536,-154,58,0.8567979964335797,LHCII
537,4,-24,3.7127913178788488,LHCII
538,-140,71,-4.188790204786394,LHCII
539,-100,-48,-9.900776847676923,LHCII
540,124,-52,6.568784639324107,LHCII
541,-48,-140,-0.6663984416705624,LHCII
542,3,68,11.89997217268862,LHCII
543,-41,53,5.807186420272038,LHCII
544,-4,154,2.665593766682251,LHCII
545,28,76,-0.09519977738150874,LHCII
546,84,-109,-1.1423973285781064,LHCII
547,68,25,-5.616786865509022,LHCII
548,1,-54,0.5711986642890531,LHCII
549,-101,141,25.22794100609994,LHCII
550,111,50,-10.947974398873527,LHCII
551,-136,-6,5.902386197653547,LHCII
552,41,-5,3.3319922083528133,LHCII
553,-12,90,3.9983906500233757,LHCII
554,45,111,-5.1407879786014785,LHCII
555,83,78,4.569589314312427,LHCII
556,-74,19,-4.093590427404885,LHCII
557,-33,42,4.188790204786393,LHCII
558,-2,40,0.38079910952603435,LHCII
559,-112,8,-4.569589314312428,LHCII
560,-37,-13,-15.42236393580447,LHCII
561,-22,-21,-4.759988869075444,LHCII
562,-4,-47,0.4759988869075445,LHCII
563,26,-72,2.855993321445268,LHCII
564,85,-93,4.569589314312427,LHCII
565,-31,-21,-3.8079910952603586,LHCII
566,-16,-84,5.426387310746003,LHCII
567,8,17,-1.2375971059596154,LHCII
568,78,-27,-5.902386197653547,LHCII
569,-70,11,2.475194211919232,LHCII
570,111,102,-2.66559376668225,LHCII
571,131,-120,-7.235183080994666,LHCII
572,-124,108,-1.9039955476301782,LHCII
573,-13,97,-4.188790204786393,LHCII
574,-63,5,-5.1407879786014785,LHCII
575,-32,-7,-2.379994434537722,LHCII
576,29,-99,14.37516638460787,LHCII
577,-57,-7,3.141592653589795,LHCII
578,73,62,6.663984416705615,LHCII
579,44,148,2.094395102393196,LHCII
580,-96,16,-6.94958374885014,LHCII
581,81,-15,7.996781300046735,LHCII
582,-58,-144,-4.569589314312427,LHCII
583,123,17,-6.7591841940871245,LHCII
584,152,11,-2.570393989300741,LHCII
585,-147,79,6.283185307179582,LHCII
586,-41,-145,2.475194211919232,LHCII
587,112,-11,-6.5687846393241065,LHCII
588,7,116,10.28157595720296,LHCII
589,-12,-162,-14.184766829844847,LHCII
590,52,21,-6.5687846393241065,LHCII
591,85,51,3.9983906500233757,LHCII
592,72,-108,6.283185307179581,LHCII
593,109,-25,-9.329578183387866,LHCII
594,105,-85,-2.855993321445269,LHCII
595,159,-102,-9.329578183387866,PSI
596,-58,207,0.9519977738150888,PSI
597,-40,-219,1.7135959928671602,PSI
598,-25,-221,-0.9519977738150888,PSI
599,77,184,-0.2855993321445267,PSI
600,-170,116,-1.6183962154856513,PSI
601,36,186,-2.379994434537723,PSI
602,-163,-68,1.4279966607226333,PSI
603,-62,-174,-3.7127913178788488,PSI
604,-14,-196,0.19039955476301784,PSI
605,98,-174,2.66559376668225,PSI
606,-178,47,-4.664789091693936,PSI
607,1,-208,1.4279966607226335,PSI
608,-95,-158,2.951193098826777,PSI
609,-208,-3,1.5231964381041427,PSI
610,63,175,-2.189594879774705,PSI
611,-29,196,4.759988869075444,PSI
612,-174,99,-1.7135959928671607,PSI
613,-30,-206,2.379994434537722,PSI
614,-94,149,-3.046392876208286,PSI
615,83,-174,-1.9039955476301782,PSI
616,-39,-177,0.38079910952603563,PSI
617,111,178,1.5231964381041425,PSI
618,-125,128,-0.666398441670562,PSI
619,50,-208,3.9983906500233757,PSI
620,183,18,-0.47599888690754466,PSI
621,-171,-81,3.141592653589795,PSI
622,-107,195,-0.8567979964335797,PSI
623,-201,12,-5.997585975035055,PSI
624,221,19,-4.093590427404885,PSI
625,56,204,0.38079910952603535,PSI
626,-125,-184,8.326672684688674e-17,PSI
627,-150,108,0.7615982190520708,PSI
628,-130,144,-0.7615982190520708,PSI
629,106,-186,2.951193098826777,PSI
630,-159,154,-1.3327968833411243,PSI
631,154,158,1.9039955476301782,PSI
632,69,211,-0.951997773815089,PSI
633,-181,20,-2.760793544063759,PSI
634,-172,82,4.759988869075444,PSI
635,-57,192,-0.8567979964335801,PSI
636,180,-121,-3.046392876208286,PSI
637,18,185,-0.5711986642890531,PSI
638,90,148,-0.761598219052071,PSI
639,34,171,2.760793544063759,PSI
640,-144,-165,-0.6663984416705621,PSI
641,-24,-171,-1.942890293094024e-16,PSI
642,148,114,-0.85679799643358,PSI
643,167,-148,-0.5711986642890533,PSI
644,131,138,1.3327968833411248,PSI
645,-10,-216,1.0471975511965976,PSI
646,-158,74,-0.9519977738150885,PSI
647,-175,68,3.9983906500233757,PSI
648,-202,86,-2.475194211919232,PSI
649,172,49,4.093590427404885,PSI
650,-81,-197,-3.046392876208286,PSI
651,186,47,0.5711986642890531,PSI
652,-175,-111,-1.1423973285781066,PSI
653,159,94,-1.6183962154856515,PSI
654,-163,-53,0.5711986642890531,PSI
655,-190,-98,0.1903995547630185,PSI
656,-149,90,3.9031908726418667,PSI
657,104,190,1.4279966607226333,PSI
658,-85,-179,0.47599888690754444,PSI
659,-111,-153,2.0943951023931966,PSI
660,-185,58,4.9503884238384614,PSI
661,18,-216,-1.6183962154856513,PSI
662,-132,-110,0.19039955476301768,PSI
663,-18,221,0.38079910952603535,PSI
664,-207,-57,1.5231964381041425,PSI
665,197,-29,-1.6183962154856513,PSI
666,68,-187,-3.9983906500233757,PSI
667,89,-196,6.663984416705615,PSI
668,-179,-34,2.1895948797747056,PSI
669,-168,32,-3.9031908726418667,PSI
670,165,-57,3.046392876208286,PSI
671,-54,-205,-3.522391763115831,PSI
672,127,-160,-1.2375971059596154,PSI
673,222,-20,-2.5703939893007415,PSI
674,178,-25,-2.7755575615628914e-17,PSI
675,-191,102,-2.3799944345377235,PSI
676,-220,-12,1.8087957702486692,PSI
677,-108,-132,-1.9991953250116872,PSI
678,124,185,4.759988869075444,PSI
679,185,106,2.475194211919232,PSI
680,152,131,2.379994434537723,PSI
681,167,124,-3.7127913178788488,PSI
682,212,-30,0.38079910952603535,PSI
683,-203,-72,-1.8087957702486694,PSI
684,196,27,-3.331992208352813,PSI
685,-120,-142,6.092785752416564,PSI
686,173,35,1.9039955476301782,PSI
687,-27,-190,-2.094395102393196,PSI
688,-41,165,-3.1415926535897953,PSI
689,-70,-212,4.188790204786393,PSI
690,-200,38,0.666398441670562,PSI
691,205,76,2.284794657156214,PSI
692,-40,-194,-2.094395102393196,PSI
693,178,135,1.0471975511965979,PSI
694,217,49,-0.09519977738150896,PSI
695,106,133,9.900776847676923,PSI
696,-67,-188,4.855188646456952,PSI
697,-140,-98,-0.5711986642890533,PSI
698,136,156,-0.9519977738150888,PSI
699,-88,196,0.2855993321445265,PSI
700,168,-132,5.1407879786014785,PSI
701,-133,161,-5.235987755982987,PSI
702,-134,-146,2.760793544063759,PSI
703,-94,-191,2.1895948797747042,PSI
704,167,148,1.0471975511965965,PSI
705,154,-126,3.236792430971304,PSI
706,-162,-102,-1.6183962154856513,PSI
707,50,-193,0.5711986642890533,PSI
708,-191,-17,1.9991953250116872,PSI
709,123,168,3.427191985734322,PSI
710,-138,-123,-1.6183962154856513,PSI
711,-153,-135,2.66559376668225,PSI
712,-113,-176,-3.141592653589796,PSI
713,-154,-79,-4.7599888690754435,PSI
714,78,-206,7.139983303613158,PSI
715,-6,-183,7.806381745283718,PSI
716,-99,182,-0.5711986642890531,PSI
717,-222,9,0.8567979964335797,PSI
718,172,-108,-0.3807991095260358,PSI
719,4,185,-0.5711986642890535,PSI
720,-186,-51,2.2847946571562145,PSI
721,183,90,-2.475194211919232,PSI
722,15,200,7.139983303613158,PSI
723,-151,-112,-1.9039955476301782,PSI
724,-98,-175,-0.4759988869075442,PSI
725,179,-1,-3.522391763115831,PSI
726,147,-91,4.188790204786393,PSI
727,168,69,1.3327968833411246,PSI
728,156,-71,-0.4759988869075438,PSI
729,167,-89,2.570393989300741,PSI
730,-168,-128,-5.902386197653547,PSI
731,178,-66,1.6183962154856513,PSI
732,131,-146,3.522391763115831,PSI
733,-63,-159,10.852774621492017,PSI
734,193,-5,-5.997585975035055,PSI
735,-131,-160,-0.47599888690754444,PSI
736,-177,-6,-6.854383971468633,PSI
737,148,-111,4.569589314312427,PSI
738,31,219,1.1423973285781064,PSI
739,101,168,3.236792430971304,PSI
740,87,164,-1.3877787807814457e-16,PSI
741,-182,-127,-0.47599888690754444,PSI
742,201,55,0.7615982190520713,PSI
743,30,201,-4.188790204786393,PSI
744,111,154,-5.140787978601478,PSI
745,-82,170,0.666398441670562,PSI
746,32,-220,15.32716415842296,PSI
747,49,175,-6.5687846393241065,PSI
748,-43,189,0.761598219052071,PSI
749,89,196,4.759988869075444,PSI
750,92,181,1.7135959928671602,PSI
751,-79,-159,1.0471975511965976,PSI
752,-197,-34,0.2855993321445265,PSI
753,213,64,1.2375971059596154,PSI
754,-187,78,-3.331992208352813,PSI
755,64,-208,-0.47599888690754444,PSI
756,-184,-66,0.4759988869075442,PSI
757,60,189,2.0943951023931966,PSI
758,190,-112,-1.8087957702486692,PSI
759,183,-97,1.4279966607226333,PSI
760,-49,-165,3.2367924309713048,PSI
761,-136,-176,-1.3877787807814457e-16,PSI
762,161,109,0.5711986642890534,PSI
763,-134,177,-1.8087957702486692,PSI
764,218,-52,-0.38079910952603563,PSI
765,-176,-96,-9.424777960769376,PSI
766,-149,144,-1.7135959928671602,PSI
767,9,-190,6.663984416705618,PSI
768,-218,-37,-1.8087957702486697,PSI
769,-15,181,-4.283989982167902,PSI
770,-112,-193,0.3807991095260357,PSI
771,15,223,-2.475194211919232,PSI
772,-160,-155,4.379189759549411,PSI
773,-72,184,5.616786865509022,PSI
774,189,-84,3.522391763115831,PSI
775,165,-42,2.3799944345377235,PSI
776,-117,158,0.8567979964335797,PSI
777,203,5,2.570393989300741,PSI
778,-189,117,-7.139983303613159,PSI
779,-168,142,0.28559933214452604,PSI
780,19,169,-0.5711986642890535,PSI
781,-190,-114,-3.8079910952603577,PSI
782,146,101,2.5703939893007415,B6F
783,-220,-50,-2.284794657156214,B6F
784,-46,215,-1.9039955476301784,B6F
785,124,123,-4.188790204786393,B6F
786,-121,170,2.189594879774705,B6F
787,-113,136,-0.951997773815089,B6F
788,-189,5,3.7127913178788488,B6F
789,-169,-23,1.9039955476301782,B6F
790,-41,-206,0.19039955476301745,B6F
791,119,-138,1.2375971059596158,B6F
792,-110,146,-5.04558820121997,B6F
793,16,-178,-2.760793544063759,B6F
794,37,-196,4.9503884238384614,B6F
795,-117,-163,8.091981077428244,B6F
796,172,90,6.854383971468633,B6F
797,-8,197,5.3311875333644965,B6F
798,6,-225,-9.043978851243338,B6F
799,211,-67,6.378385084561089,B6F
800,144,-132,1.3327968833411248,B6F
801,-209,49,-1.9039955476301782,B6F
802,82,210,-10.852774621492017,B6F
803,216,5,1.5231964381041425,B6F
804,43,211,-13.327968833411264,B6F
805,-153,-92,2.094395102393196,B6F
806,191,-19,-3.8079910952603577,B6F
807,-146,-153,1.8087957702486697,B6F
808,-8,-156,-5.616786865509022,LHCII
809,-191,27,-0.5711986642890534,LHCII
810,90,-164,-0.3807991095260358,LHCII
811,-63,168,-2.570393989300741,LHCII
812,-20,-156,1.0471975511965974,LHCII
813,-184,129,5.04558820121997,LHCII
814,-54,-192,1.0471975511965974,LHCII
815,28,-200,-2.475194211919232,LHCII
816,-179,33,1.0471975511965974,LHCII
817,-163,-143,-0.4759988869075442,LHCII
818,-134,94,0.8567979964335797,LHCII
819,191,-122,-1.5231964381041423,LHCII
820,122,-190,-6.568784639324107,LHCII
821,75,196,0.9519977738150885,LHCII
822,-161,42,6.568784639324107,LHCII
823,-20,202,-4.569589314312427,LHCII
824,178,-53,-2.379994434537723,LHCII
825,-196,-50,9.424777960769376,LHCII
826,-106,-184,-0.5711986642890534,LHCII
827,-144,-144,2.66559376668225,LHCII
828,-180,6,-2.66559376668225,LHCII
829,-94,206,-1.7135959928671602,LHCII
830,96,-187,1.9991953250116872,LHCII
831,-93,166,11.89997217268862,LHCII
832,156,146,-2.760793544063759,LHCII
833,-56,172,7.711181967902209,LHCII
834,-105,153,-0.4759988869075454,LHCII
835,56,-219,-0.6663984416705628,LHCII
836,3,-157,-5.521587088127513,LHCII
837,183,31,-1.7135959928671602,LHCII
838,213,-43,-3.8079910952603577,LHCII
839,59,215,10.47197551196598,LHCII
840,-24,171,7.425582635757684,LHCII
841,163,136,-6.568784639324107,LHCII
842,107,-161,3.236792430971304,LHCII
843,172,59,-4.188790204786393,LHCII
844,-59,217,1.4279966607226333,LHCII
845,-18,-181,-1.1423973285781068,LHCII
846,182,59,-4.188790204786394,LHCII
847,210,37,8.282380632191263,LHCII
848,-209,-45,-7.425582635757684,LHCII
849,51,220,12.756770169122206,LHCII
850,147,68,-2.66559376668225,LHCII
851,-92,-203,-5.331187533364495,LHCII
852,157,-87,-3.522391763115831,LHCII
853,-183,-24,4.9503884238384614,LHCII
854,-85,183,9.710377292913904,LHCII
855,154,-147,-0.2855993321445265,LHCII
856,-141,-134,8.377580409572772,LHCII
857,134,128,-5.616786865509021,LHCII
858,-106,-166,-6.473584861942598,LHCII
859,-122,-124,-11.423973285781075,LHCII
860,44,220,3.2367924309713043,LHCII
861,79,-188,-5.04558820121997,LHCII
862,196,41,-0.190399554763018,LHCII
863,-86,-208,4.37918975954941,LHCII
864,-188,-6,-4.093590427404885,LHCII
865,24,209,2.66559376668225,LHCII
866,-137,-51,3.7127913178788488,LHCII
867,-128,-130,3.8079910952603577,LHCII
868,-18,209,-4.9503884238384614,LHCII
869,112,-165,6.187985529798072,LHCII
870,128,-181,-9.139178628624848,LHCII
871,-97,-146,15.23196438104145,LHCII
872,135,-181,6.378385084561089,LHCII
873,-70,164,-1.8087957702486692,LHCII
874,-202,100,-3.9983906500233757,LHCII
875,43,-218,-3.046392876208286,LHCII
876,202,16,-10.662375066728998,LHCII
877,-196,-63,-4.664789091693936,LHCII
878,25,-184,-4.093590427404885,LHCII
879,65,-134,3.7127913178788488,LHCII
880,89,136,-2.284794657156214,LHCII
881,-173,128,-0.7615982190520708,LHCII
882,-167,13,3.8079910952603577,LHCII
883,-145,169,-1.2375971059596158,LHCII
884,144,148,-8.187180854809753,LHCII
885,140,-158,2.6655937666822505,LHCII
886,-129,-40,8.377580409572772,LHCII
887,-177,-17,4.759988869075444,LHCII
888,45,204,1.8087957702486692,LHCII
889,-13,157,1.6183962154856522,LHCII
890,-218,-62,0.7615982190520713,LHCII
891,164,-120,1.3327968833411243,LHCII
892,-139,58,3.331992208352813,LHCII
893,-137,122,0.09519977738150774,LHCII
894,161,33,-6.854383971468633,LHCII
895,140,56,-1.4279966607226333,LHCII
896,138,64,3.998390650023376,LHCII
897,196,98,-1.9039955476301782,LHCII
898,-208,-30,4.188790204786393,LHCII
899,27,180,5.23598775598299,LHCII
900,189,8,-6.37838508456109,LHCII
901,134,-88,-1.3327968833411243,LHCII
902,8,-173,3.6175915404973398,LHCII
903,-177,135,4.664789091693936,LHCII
904,171,79,-1.9991953250116876,LHCII
905,209,25,-0.6663984416705623,LHCII
906,-160,8,-6.7591841940871245,LHCII
907,35,-208,-5.04558820121997,LHCII
908,-113,107,-0.19039955476301806,LHCII
909,-119,143,7.615982190520701,LHCII
910,154,-164,8.377580409572774,LHCII
911,-158,-39,-18.7543561441573,LHCII
912,3,207,1.2375971059596154,LHCII
913,86,-158,2.855993321445268,LHCII
914,102,-133,-2.284794657156214,LHCII
915,37,159,5.997585975035055,LHCII
916,135,-167,6.663984416705616,LHCII
917,-4,205,0.666398441670562,LHCII
918,-209,-81,4.569589314312428,LHCII
919,222,-40,-4.855188646456953,LHCII
920,123,-174,3.331992208352812,LHCII
921,-18,-144,1.1423973285781068,LHCII
922,-70,173,-8.091981077428244,LHCII
923,-186,35,3.7127913178788488,LHCII
924,-153,131,3.7127913178788488,LHCII
925,-198,23,-4.474389536930919,LHCII
926,144,174,2.189594879774705,LHCII
927,-37,208,10.47197551196598,LHCII
928,-223,35,-3.141592653589795,LHCII
929,138,169,3.712791317878849,LHCII
930,-3,-226,0.951997773815089,LHCII
931,-71,212,9.329578183387866,LHCII
932,-225,26,-3.0531133177191805e-16,LHCII
933,68,200,0.09519977738150857,LHCII
934,202,-81,-3.522391763115831,LHCII
935,-115,115,-1.7135959928671602,LHCII
936,-103,115,1.6183962154856513,LHCII
937,-221,-25,3.331992208352813,LHCII
938,193,116,2.379994434537723,LHCII
939,-66,-199,26.465538112059566,LHCII
940,-195,49,-9.995976625058432,LHCII
941,-124,-172,14.755965494133905,LHCII
942,195,68,1.5231964381041423,LHCII
943,200,-54,0.951997773815089,LHCII
944,21,-206,-12.09037172745164,LHCII
945,-147,125,-1.2375971059596158,LHCII
946,-174,-62,13.80396772031881,LHCII
947,-183,92,3.9983906500233757,LHCII
948,133,-113,-5.426387310746005,LHCII
949,-19,-208,28.940732323978807,LHCII
950,-199,-106,-4.0935904274048855,LHCII
951,144,-37,3.236792430971304,LHCII
952,-216,64,-0.5711986642890531,LHCII
953,-140,101,5.235987755982987,LHCII
954,189,75,2.570393989300741,LHCII
955,125,153,-3.331992208352813,LHCII
956,-172,57,-1.5231964381041423,LHCII
957,-55,-217,-7.235183080994665,LHCII
958,113,113,3.7127913178788488,LHCII
959,99,156,-3.998390650023376,LHCII
960,-188,-85,-7.8063817452837165,LHCII
961,-144,36,-2.0943951023931966,LHCII
962,68,-174,-0.47599888690754466,LHCII
963,94,204,-5.235987755982988,LHCII
964,-206,-92,-2.570393989300742,LHCII
965,-172,5,4.188790204786393,LHCII
966,-175,-55,-4.759988869075444,LHCII
967,156,-156,6.473584861942598,LHCII
968,-150,-48,45.695893143124465,LHCII
969,-144,159,-2.379994434537723,LHCII
970,43,197,1.4279966607226333,LHCII
971,-194,-81,-9.139178628624848,LHCII
972,-52,182,-3.331992208352813,LHCII
973,-182,-80,-4.283989982167903,LHCII
974,-217,56,3.522391763115831,LHCII
975,-45,206,0.5711986642890535,LHCII
976,-212,-21,6.854383971468633,LHCII
977,-137,87,4.9503884238384614,LHCII
978,12,-205,-19.23035503106485,LHCII
979,-177,-140,-8.377580409572772,LHCII
980,-191,16,13.994367275081828,LHCII
981,105,201,-2.8559933214452684,LHCII
982,-38,179,-0.9519977738150885,LHCII
983,-107,164,2.760793544063759,LHCII
984,182,-47,-6.283185307179581,LHCII
985,25,-173,-33.51032163829126,LHCII
986,120,131,-2.379994434537723,LHCII
987,47,-180,-10.37677573458447,LHCII
988,-174,-45,30.74952809422748,LHCII
989,198,-72,4.950388423838461,LHCII
990,114,195,-6.378385084561089,LHCII
991,191,-46,-1.8087957702486697,LHCII
992,186,119,3.236792430971304,LHCII
993,-210,80,3.1415926535897953,LHCII
994,25,-191,29.8927300977939,LHCII
995,112,-194,5.521587088127513,LHCII
996,-197,61,-0.666398441670562,LHCII
997,-163,107,-3.236792430971303,LHCII
998,0,225,-0.3807991095260358,LHCII
999,202,102,8.472780186954282,LHCII
1000,177,-137,-0.3807991095260344,LHCII
1001,75,143,-13.708767942937301,LHCII
1002,143,140,-1.2375971059596163,LHCII
1003,89,-184,-10.186376179821451,LHCII
1004,179,77,-4.379189759549411,LHCII
1005,157,67,2.855993321445267,LHCII
1006,46,-171,-14.470366161989377,LHCII
1007,200,-98,7.901581522665227,LHCII
1008,-160,100,0.09519977738150857,LHCII
1009,114,164,-2.475194211919232,LHCII
1010,-180,110,17.23115970605315,LHCII
1011,183,69,-4.855188646456954,LHCII
1012,-171,-147,25.89433944777051,LHCII
1013,4,200,-14.27996660722636,LHCII
1014,189,-71,2.094395102393196,LHCII
1015,14,212,25.989539225152015,LHCII
1016,-207,22,4.093590427404885,LHCII
1017,179,115,32.46312408709465,LHCII
1018,56,-184,-2.475194211919233,LHCII
1019,186,-57,4.9503884238384614,ATP
1020,-210,59,1.4279966607226338,ATP
1021,-3,214,0.38079910952603524,ATP
1022,39,-186,4.283989982167902,ATP
1023,214,30,7.520782413139191,ATP
1024,-100,-203,2.2847946571562145,ATP
1025,-167,-34,-6.092785752416564,ATP
1026,199,-105,-1.3327968833411243,ATP
1027,-211,16,1.2375971059596158,ATP
1028,207,-17,-0.38079910952603535,ATP
1029,-200,-88,-0.4759988869075442,ATP
1030,-18,190,-0.2855993321445268,ATP
1031,133,177,-6.28318530717958,ATP
1032,209,86,2.1895948797747056,ATP
1033,-13,-176,6.9495837488501415,ATP
1034,49,-220,0.09519977738150918,ATP
1035,-30,223,13.899167497700319,ATP
1036,-77,-170,-7.330382858376176,ATP
1037,-25,186,-0.19039955476301762,ATP
1038,205,94,6.759184194087124,ATP
1039,-195,70,-3.046392876208286,ATP
1040,-213,72,2.475194211919232,ATP
1041,220,32,-1.7135959928671602,ATP
1042,137,-136,-1.6183962154856513,ATP
1043,-205,66,8.56797996433579,ATP
1044,-57,-182,-13.423168610792771,ATP
1045,-201,74,0.9519977738150885,ATP
1046,172,22,6.187985529798072,ATP
1047,-161,127,-0.47599888690754466,ATP
1048,125,-127,-0.571198664289053,ATP
1049,-196,-6,22.65754701679919,ATP
1050,102,-197,-1.0471975511965983,ATP
1051,-119,193,-4.474389536930919,ATP
1052,32,-184,13.042369501266734,ATP
1053,-67,201,-2.66559376668225,ATP
1054,114,-146,-3.522391763115831,ATP
1055,127,-134,3.141592653589795,ATP
1056,223,-6,-3.2367924309713043,ATP
1057,21,-226,1.8087957702486692,ATP
1058,53,-176,11.043174176255036,ATP
1059,-218,28,-2.189594879774705,ATP
1060,-48,-185,5.140787978601478,ATP
1061,50,192,-16.183962154856545,ATP
1062,207,-76,-4.855188646456953,ATP
1063,74,164,19.42075458582786,ATP
1064,141,-177,11.423973285781072,ATP
1065,78,-195,-9.234378406006355,ATP
1066,204,44,6.663984416705616,ATP
1067,188,-35,3.6175915404973407,ATP
1068,-202,-18,-11.233573731018053,ATP
1069,80,155,0.47599888690754555,ATP
1070,174,105,3.141592653589795,ATP
1071,195,-57,4.474389536930919,ATP
1072,-101,169,5.807186420272039,ATP
1073,89,-208,-2.284794657156214,ATP
1074,119,-151,2.0943951023931953,ATP
1075,-155,-122,-4.9503884238384614,ATP
1076,-89,-168,0.9519977738150881,ATP
1077,-33,173,-1.5231964381041423,ATP
1078,180,-38,4.474389536930919,ATP
1079,217,-69,6.473584861942597,ATP
1080,107,-142,5.331187533364496,ATP
1081,119,138,12.851969946503717,ATP
1082,-7,190,-11.328773508399564,ATP
1083,172,113,4.188790204786393,ATP
1084,211,-8,1.2375971059596145,ATP
1085,-203,-24,5.3311875333644965,ATP
1086,201,-13,0.47599888690754466,ATP
1087,-167,44,-2.498001805406602e-16,ATP
1088,-41,199,0.09519977738150918,ATP
1089,20,-198,1.7135959928671602,ATP
1090,-100,162,6.092785752416564,ATP
1091,175,-76,1.9991953250116872,ATP
1092,-133,-135,-11.233573731018051,ATP
1093,86,-148,5.426387310746004,ATP
1094,-10,213,0.2855993321445274,ATP
1095,171,-16,2.855993321445268,ATP
1096,-106,174,-1.9991953250116872,ATP
1097,142,126,-8.75837951909881,ATP
1098,-164,-117,9.805577070295413,ATP
1099,-191,-74,2.7607935440637594,ATP
1100,160,81,-7.044783526231649,ATP
1101,-34,215,18.278357257249752,ATP
1102,-47,176,6.1879855297980715,ATP
1103,160,-140,8.187180854809753,ATP
1104,62,-179,14.089567052463336,ATP
1105,176,-45,-4.093590427404885,ATP
1106,-204,56,9.900776847676923,ATP
1107,-155,164,-3.9031908726418667,ATP
1108,195,80,-5.616786865509022,ATP
1109,-220,19,11.519173063162585,ATP
1110,62,-197,-2.760793544063758,ATP
1111,-227,-4,-6.187985529798072,ATP
1112,131,-175,1.6183962154856513,ATP
1113,71,-163,13.899167497700319,ATP
1114,-150,-100,-3.141592653589795,ATP
1115,-27,211,-2.760793544063759,ATP
1116,136,121,14.089567052463337,ATP
1117,-189,44,1.4279966607226342,ATP
1118,94,-154,8.282380632191263,ATP
1119,-166,-41,-0.7615982190520708,ATP
1120,-36,-167,-17.516759038197677,ATP
1121,207,-50,-5.71198664289053,ATP
1122,37,-176,26.56073788944107,ATP
1123,-146,118,-6.9495837488501415,ATP
1124,-154,-166,-4.47438953693092,ATP
1125,-36,220,8.472780186954282,ATP
1126,-74,156,-5.140787978601479,ATP
1127,114,-174,1.9039955476301786,ATP
1128,227,7,-4.379189759549409,ATP
1129,-6,225,3.9031908726418694,ATP
1130,121,-120,4.569589314312427,ATP
1131,80,-163,-29.511930988267864,ATP
1132,198,111,9.234378406006357,ATP
1133,222,-32,0.5711986642890531,ATP
1134,121,144,-4.283989982167903,ATP
1135,99,-159,-2.189594879774706,ATP
1136,-48,200,-1.3327968833411243,ATP
1137,116,-125,2.2847946571562145,ATP
1138,151,169,-7.996781300046734,ATP
1139,76,203,1.9991953250116867,ATP
1140,153,-137,-2.570393989300741,ATP
1141,-14,-226,17.802358370342205,ATP
1142,-87,207,-6.663984416705615,ATP
1143,-129,115,7.711181967902208,ATP
1144,-201,-98,19.325554808446352,ATP
1145,-204,29,8.853579296480317,ATP
1146,-221,-1,-2.2847946571562168,ATP
1147,157,75,-26.370338334678053,ATP
1148,-161,-87,9.139178628624846,ATP
1149,95,-146,-9.139178628624848,ATP
1150,-220,45,-52.0742782276856,PSII_mono
1151,-137,111,9.329578183387866,PSII_mono
1152,-76,196,-7.520782413139193,PSII_mono
1153,-156,119,0.3807991095260357,PSII_mono
1154,198,87,-12.851969946503713,PSII_mono
1155,198,-43,-13.232769056029753,PSII_mono
1156,146,-154,5.616786865509022,PSII_mono
1157,197,-65,-5.616786865509022,PSII_mono
1158,-212,38,-9.900776847676923,PSII_mono
1159,145,-143,13.042369501266732,PSII_mono
1160,167,-74,-4.950388423838466,PSII_mono
1161,146,-170,-18.849555921538805,PSII_mono
1162,-163,90,26.084739002533524,PSII_mono
1163,206,-87,16.94556037390862,PSII_mono
1164,-123,184,-8.472780186954282,PSII_mono
1165,-113,181,-11.61437284054409,PSII_mono
